gene.index	RP.Rsum	FC..class1.class2.	pfp	P.value
hsa-miR-5091	1590	1.587	-1.36922178725714	1.728e-06	6.504e-10
hsa-miR-489-3p	1518	1.817	-1.38571419388095	1.708e-06	1.286e-09
hsa-miR-103a-2-5p	44	7.047	-1.08253005332081	0.0003852	4.351e-07
hsa-miR-4647	1247	8.662	-1.05439229681863	0.0006382	9.612e-07
hsa-miR-625-5p	1984	10.08	-1.01187886953598	0.0009056	1.705e-06
hsa-miR-576-3p	1884	10.16	-0.973695675648091	0.0007787	1.759e-06
hsa-miR-3187-3p	686	10.59	-0.991656541470665	0.000779	2.053e-06
hsa-miR-3936	944	10.78	-0.988790638579697	0.0007292	2.196e-06
hsa-miR-130a-5p	254	12.08	-0.947584105848861	0.0009902	3.355e-06
hsa-miR-19b-3p	423	12.81	-0.972845948496273	0.001105	4.161e-06
hsa-miR-301b-5p	551	14.23	-0.933187490100098	0.001475	6.11e-06
hsa-miR-3158-3p	648	17.88	-0.89888784152585	0.002984	1.348e-05
hsa-miR-183-3p	357	18.91	-0.87434889833848	0.003335	1.632e-05
hsa-miR-4677-3p	1298	19.14	-0.866699523770224	0.003224	1.699e-05
hsa-miR-215-5p	471	19.83	-0.864333803030956	0.003394	1.917e-05
hsa-miR-548am-3p	1722	20.04	-0.85464861442738	0.003296	1.986e-05
hsa-miR-18a-5p	370	21.6	-0.845028011683616	0.003985	2.551e-05
hsa-miR-5581-3p	1812	22.24	-0.830331500476914	0.004148	2.811e-05
hsa-miR-10401-3p	49	22.47	-0.821890923905675	0.004061	2.905e-05
hsa-miR-4683	1306	22.6	-0.83341308592955	0.003937	2.965e-05
hsa-miR-549a-3p	1786	24.35	-0.79911904571404	0.004786	3.784e-05
hsa-miR-940	2627	24.94	-0.756330919033137	0.00494	4.092e-05
hsa-miR-29b-3p	544	25.12	-0.797112166529857	0.004844	4.194e-05
hsa-miR-1910-5p	382	25.18	-0.792856795058251	0.004674	4.223e-05
hsa-miR-542-3p	1698	33.62	-0.717856771218502	0.01133	0.0001067
hsa-miR-1304-5p	247	34.23	-0.722372252340995	0.01153	0.0001129
hsa-miR-340-5p	746	34.6	-0.710047527784604	0.01148	0.0001167
hsa-miR-1262	181	35.43	-0.695021764196039	0.01192	0.0001257
hsa-miR-3180	675	37.48	-0.676226436308528	0.01372	0.0001499
hsa-miR-4286	1016	38.41	-0.689659879387849	0.01432	0.0001617
hsa-miR-3180-3p	676	39.45	-0.676226436308528	0.01505	0.0001756
hsa-miR-584-3p	1897	41	-0.674153101761185	0.01643	0.0001979
hsa-miR-551b-5p	1795	44.02	-0.613961640111386	0.01981	0.0002461
hsa-miR-11401	72	44.66	-0.635987946441385	0.02008	0.0002571
hsa-miR-203a-3p	432	45.07	-0.636885005410682	0.02006	0.0002644
hsa-miR-1914-5p	390	47.5	-0.622154389703034	0.02289	0.0003102
hsa-miR-324-3p	720	48.2	-0.625266521968786	0.02327	0.0003242
hsa-miR-129-2-3p	227	48.62	-0.635091444911285	0.02326	0.0003328
hsa-miR-1909-5p	376	48.85	-0.618827395283202	0.023	0.0003377
hsa-miR-582-5p	1895	49.48	-0.623487338711521	0.02331	0.0003511
hsa-miR-21-3p	467	50.79	-0.613520111403766	0.0246	0.0003798
hsa-miR-1909-3p	375	52.68	-0.608672193156388	0.02679	0.0004237
hsa-miR-34a-5p	753	53.25	-0.599680677135515	0.02703	0.0004375
hsa-miR-1226-5p	128	53.58	-0.594443236656243	0.02691	0.0004458
hsa-miR-10392-5p	26	55.97	-0.581432220700288	0.02996	0.0005077
hsa-miR-12136	120	57.12	-0.587706228666583	0.03115	0.0005395
hsa-miR-3200-3p	705	57.55	-0.583808806104786	0.03117	0.0005516
hsa-miR-4689	1315	58.14	-0.575400337769174	0.03146	0.0005686
hsa-miR-504-5p	1575	60	-0.571964836718095	0.03383	0.000624
hsa-miR-6833-3p	2324	62.57	-0.564478078656072	0.03752	0.0007063
hsa-miR-5000-3p	1542	63.62	-0.551944832282812	0.03862	0.0007415
hsa-miR-3619-5p	781	64.83	-0.551944832282812	0.04002	0.0007835
hsa-miR-548az-5p	1746	65.96	-0.533451183035448	0.0413	0.0008242
hsa-miR-6873-3p	2400	67.19	-0.546877553404188	0.04279	0.0008699
hsa-miR-4691-3p	1318	70.36	-0.532824877385981	0.04802	0.0009945
hsa-miR-151b	319	72.03	-0.517254954617427	0.05048	0.001064
hsa-miR-671-5p	2091	72.09	-0.522840788813359	0.04971	0.001067
hsa-miR-516a-5p	1617	72.12	-0.528032212338484	0.04893	0.001068
hsa-miR-6510-3p	2038	72.17	-0.519941730772745	0.04818	0.00107
hsa-miR-1268b	191	72.86	-0.5263689234488	0.0487	0.0011
hsa-miR-4717-3p	1362	74.02	-0.515810298851733	0.05014	0.001152
hsa-miR-4470	1125	75.85	-0.492890406218227	0.05291	0.001235
hsa-miR-548i	1765	76.1	-0.513543044231269	0.05258	0.001247
hsa-miR-101-3p	22	76.19	-0.510457064357526	0.05193	0.001251
hsa-miR-29b-1-5p	542	79.92	-0.512307860045468	0.05863	0.001435
hsa-miR-5588-5p	1827	80.51	-0.501442751900983	0.05896	0.001465
hsa-miR-4657	1262	81.92	-0.490456162039664	0.06103	0.001539
hsa-miR-217-5p	478	82.18	-0.493905888093679	0.06067	0.001553
hsa-miR-6811-5p	2281	82.23	-0.484388460507959	0.05989	0.001556
hsa-miR-5187-5p	1626	82.73	-0.495532147294641	0.06007	0.001583
hsa-miR-3162-5p	656	82.75	-0.495532147294641	0.05927	0.001584
hsa-miR-210-5p	453	83.17	-0.485397973557959	0.05929	0.001607
hsa-miR-194-5p	401	83.18	-0.492687395588062	0.05848	0.001607
hsa-miR-3188	688	83.18	-0.495532147294641	0.0577	0.001607
hsa-miR-6776-5p	2209	83.32	-0.495532147294641	0.0572	0.001615
hsa-miR-6846-5p	2349	83.64	-0.495532147294641	0.05708	0.001633
hsa-miR-6827-3p	2312	83.98	-0.495532147294641	0.05699	0.001652
hsa-miR-4791	1483	84.22	-0.492078535042672	0.05671	0.001665
hsa-miR-6780b-5p	2219	84.33	-0.495532147294641	0.05619	0.001671
hsa-miR-627-3p	1986	84.41	-0.492078535042672	0.05564	0.001676
hsa-miR-4453	1110	84.46	-0.495532147294641	0.05505	0.001679
hsa-miR-6728-3p	2107	84.67	-0.495532147294641	0.05475	0.00169
hsa-miR-3130-3p	605	84.71	-0.492078535042672	0.05416	0.001693
hsa-miR-6130	1962	84.93	-0.495532147294641	0.05393	0.001706
hsa-miR-6837-5p	2333	85.33	-0.495532147294641	0.05401	0.001728
hsa-miR-6513-3p	2046	86.09	-0.487014665186324	0.05473	0.001772
hsa-miR-1908-3p	373	87.38	-0.477944250839036	0.05641	0.001848
hsa-miR-3605-5p	761	87.92	-0.482371551133065	0.05675	0.00188
hsa-miR-4485-3p	1144	88.73	-0.467732918626786	0.05758	0.00193
hsa-miR-492	1524	90.6	-0.473330190597877	0.06039	0.002046
hsa-miR-5008-3p	1556	93.6	-0.457989644463391	0.06542	0.002242
hsa-miR-33a-3p	741	94.91	-0.451859343104953	0.06727	0.00233
hsa-miR-30b-3p	574	97.76	-0.459179169093832	0.07226	0.00253
hsa-miR-365a-5p	805	97.97	-0.447918089346892	0.07191	0.002545
hsa-miR-212-5p	466	98.56	-0.437720936370133	0.07236	0.002588
hsa-miR-7113-5p	2464	99.18	-0.45600928033515	0.07285	0.002633
hsa-miR-151a-5p	318	102.6	-0.443987573250296	0.07916	0.002891
hsa-miR-874-3p	2582	102.7	-0.431675979730294	0.07856	0.002899
hsa-miR-4467	1122	103.2	-0.448508591452505	0.07875	0.002935
hsa-miR-5196-3p	1648	104.8	-0.432649261181826	0.08137	0.003064
hsa-miR-652-5p	2057	108.5	-0.411771091051895	0.08875	0.003375
hsa-miR-5089-3p	1587	109.4	-0.423139297775808	0.08975	0.003447
hsa-miR-5587-3p	1824	110.2	-0.423139297775808	0.0908	0.003521
hsa-miR-6884-3p	2422	110.3	-0.423139297775808	0.09002	0.003525
hsa-miR-4695-5p	1326	110.5	-0.423139297775808	0.08969	0.003546
hsa-miR-3651	797	111.1	-0.418118536308665	0.09011	0.003596
hsa-miR-6837-3p	2332	111.2	-0.423139297775808	0.08953	0.003607
hsa-miR-3176	670	111.8	-0.423139297775808	0.08987	0.003654
hsa-miR-197-5p	412	112.1	-0.400110955040741	0.08979	0.003685
hsa-miR-885-5p	2591	112.5	-0.410811788509143	0.08984	0.003721
hsa-miR-5189-5p	1629	113.6	-0.423139297775808	0.09142	0.003821
hsa-miR-3152-3p	638	114.4	-0.401444226676489	0.09238	0.003896
hsa-miR-550a-5p	1790	115.6	-0.373701051008195	0.09407	0.004002
hsa-miR-573	1879	116	-0.394600489838142	0.09424	0.004045
hsa-miR-34c-5p	757	116.3	-0.400682206301774	0.09405	0.004072
hsa-miR-4793-3p	1484	119.2	-0.408320583064263	0.09962	0.004351
hsa-miR-331-3p	731	119.8	-0.403160245562215	0.1001	0.004408
hsa-miR-6734-5p	2120	120.5	-0.399159371970236	0.1008	0.004478
hsa-miR-550a-3-5p	1788	120.9	-0.373701051008195	0.1009	0.00452
hsa-miR-1266-5p	188	122.2	-0.386845571568701	0.103	0.004651
hsa-miR-139-3p	282	122.4	-0.383265915043729	0.1024	0.004667
hsa-miR-3935	943	124.7	-0.395928676331139	0.107	0.004914
hsa-miR-578	1887	126.9	-0.364013496254377	0.1111	0.005145
hsa-miR-548o-3p	1772	127.2	-0.38364230300331	0.1107	0.00517
hsa-miR-29b-2-5p	543	137.5	-0.355866839365776	0.1349	0.006349
hsa-miR-3127-3p	600	137.5	-0.354759487354735	0.1339	0.006354
hsa-miR-1260b	179	145.9	-0.335699214659963	0.1551	0.007415
hsa-miR-2110	454	146.4	-0.326262685151254	0.1552	0.007478
hsa-miR-6799-3p	2256	147.8	-0.331880875313568	0.1579	0.00767
hsa-miR-18a-3p	369	149.3	-0.333879697404169	0.1607	0.007866
hsa-miR-29c-5p	546	149.4	-0.332970798589448	0.1598	0.007881
hsa-miR-26b-3p	524	153.1	-0.425462478697937	0.1688	0.008391
hsa-miR-636	1998	154.6	-0.320666288686327	0.1719	0.008607
hsa-miR-1273c	198	155.4	-0.31778629762958	0.1727	0.008714
hsa-miR-129-5p	235	158.3	-0.32102669214583	0.1799	0.009143
hsa-miR-429	1020	159.2	-0.313297789743922	0.1811	0.009274
hsa-miR-210-3p	452	160.7	-0.305788392232109	0.1841	0.009496
hsa-miR-4676-3p	1296	161	-0.306145097646435	0.1835	0.009537
hsa-miR-1294	231	161.9	-0.381573383354069	0.1846	0.009663
hsa-miR-128-1-5p	210	162.1	-0.300981481373803	0.1841	0.009702
hsa-miR-199a-5p	416	164.5	-0.294774043383635	0.1895	0.01006
hsa-miR-106b-5p	62	165.6	-0.293358942690592	0.1915	0.01024
hsa-miR-550a-3p	1789	166	-0.413883804662473	0.1911	0.01029
hsa-miR-193b-3p	398	171	-0.285776466425808	0.2046	0.01109
hsa-miR-6859-5p	2375	173.8	-0.289298242960189	0.2114	0.01154
hsa-miR-574-3p	1881	174.5	-0.277359114000195	0.212	0.01166
hsa-miR-548aq-3p	1729	175.2	-0.27805868731534	0.2128	0.01178
hsa-miR-2681-5p	518	175.8	-0.270555993166337	0.2131	0.01187
hsa-miR-449c-5p	1164	176.1	-0.275262427123871	0.2126	0.01193
hsa-miR-3183	680	176.6	-0.276659879748829	0.2127	0.01201
hsa-miR-3661	809	176.7	-0.283140764381793	0.2115	0.01202
hsa-miR-15a-5p	334	177.2	-0.392705199180787	0.2117	0.01211
hsa-miR-3157-5p	647	179.8	-0.264304536409231	0.2177	0.01254
hsa-miR-4521	1195	183.6	-0.260324685496686	0.2277	0.0132
hsa-miR-181a-5p	345	184.1	-0.266906018825185	0.2276	0.01328
hsa-miR-450a-2-3p	1176	185.5	-0.259460951386657	0.2306	0.01354
hsa-miR-6515-5p	2052	185.8	-0.257907531918752	0.2298	0.01358
hsa-miR-6783-3p	2224	190.4	-0.262572817270941	0.2423	0.01442
hsa-miR-3662	810	192.8	-0.348684197786196	0.2481	0.01485
hsa-miR-15b-3p	335	193	-0.240929409193099	0.2471	0.01489
hsa-miR-664a-3p	2078	193.4	-0.257390096905414	0.2469	0.01497
hsa-miR-21-5p	472	194.3	-0.23854450717728	0.2482	0.01514
hsa-miR-582-3p	1894	195.7	-0.245540026374521	0.2509	0.0154
hsa-miR-148a-5p	310	199.2	-0.240758928242722	0.2602	0.01606
hsa-miR-3944-3p	954	199.9	-0.233616858998702	0.2607	0.01619
hsa-miR-3613-3p	768	200.4	-0.335335127581466	0.2607	0.01629
hsa-miR-16-5p	340	201	-0.228875046871633	0.2609	0.0164
hsa-miR-6871-5p	2397	203.6	-0.224485847246574	0.2673	0.01691
hsa-miR-3934-5p	942	207.5	-0.229720656790274	0.2781	0.01769
hsa-miR-365b-3p	806	208.3	-0.228875046871633	0.279	0.01786
hsa-miR-26a-2-3p	522	209.5	-0.231752145097155	0.281	0.01809
hsa-miR-4502	1167	210.5	-0.215579775382216	0.2826	0.0183
hsa-miR-365a-3p	804	210.7	-0.227016447861895	0.2817	0.01835
hsa-miR-769-3p	2511	214.9	-0.206228941455776	0.2934	0.01922
hsa-miR-6741-3p	2133	217.2	-0.210896782498619	0.299	0.0197
hsa-miR-5584-5p	1819	218.6	-0.213069138909714	0.3019	0.02001
hsa-miR-342-3p	747	219.4	-0.203236142095557	0.3027	0.02017
hsa-miR-4638-5p	1234	220.8	-0.201410260766896	0.3055	0.02047
hsa-miR-10399-3p	41	221.3	-0.207561069935362	0.3054	0.02059
hsa-miR-6511a-3p	2040	223.8	-0.21574730659542	0.3119	0.02114
hsa-miR-26b-5p	525	224	-0.206894851941122	0.3109	0.02119
hsa-miR-147b-3p	307	224.5	-0.290885851528791	0.3108	0.0213
hsa-miR-548u	1779	227.6	-0.194129756521541	0.3191	0.02199
hsa-miR-548n	1771	228.1	-0.194790104417674	0.3191	0.0221
hsa-miR-361-5p	774	228.7	-0.186557400948926	0.3192	0.02224
hsa-miR-99a-5p	2654	232.5	-0.193634693877545	0.3299	0.0231
hsa-miR-1292-3p	228	234.8	-0.196772963565072	0.3358	0.02364
hsa-miR-452-5p	1204	235.1	-0.181640235176961	0.3348	0.0237
hsa-miR-5189-3p	1628	235.3	-0.17918792277128	0.3337	0.02375
hsa-miR-339-3p	739	237.1	-0.17918792277128	0.3379	0.02417
hsa-miR-15b-5p	336	237.9	-0.181476617933702	0.339	0.02438
hsa-miR-7976	2537	238	-0.189022282875856	0.3373	0.02438
hsa-miR-27a-5p	527	239.8	-0.177555360595383	0.3414	0.02481
hsa-let-7b-3p	4	239.8	-0.175435787910173	0.3398	0.02482
hsa-miR-589-5p	1905	245.3	-0.171368418311981	0.3562	0.02615
hsa-miR-3124-5p	596	247.1	-0.180822334457232	0.3603	0.02659
hsa-miR-4707-3p	1343	249.1	-0.192974874501356	0.3653	0.02709
hsa-miR-92a-3p	2612	250.1	-0.169582402052169	0.3668	0.02735
hsa-miR-181a-3p	344	250.6	-0.162944843726976	0.3667	0.02748
hsa-miR-6728-5p	2108	253.4	-0.158107368396944	0.3743	0.02818
hsa-miR-30c-2-3p	577	253.4	-0.163591067720262	0.3725	0.02819
hsa-miR-4654	1258	254.7	-0.168284868482175	0.3751	0.02853
hsa-miR-511-5p	1601	256.7	-0.159234662676126	0.3799	0.02904
hsa-miR-6501-5p	2021	258.6	-0.159718058573055	0.3843	0.02952
hsa-miR-449a	1160	260.6	-0.158107368396944	0.3895	0.03006
hsa-miR-30a-5p	573	260.7	-0.150881433446724	0.388	0.03009
hsa-miR-6782-3p	2222	261.6	-0.169906967867011	0.3889	0.03031
hsa-miR-125b-5p	177	261.8	-0.147681487494956	0.388	0.03039
hsa-miR-6772-3p	2200	262.1	-0.240418026766445	0.3872	0.03047
hsa-miR-23b-3p	507	262.7	-0.147202107181229	0.3873	0.03062
hsa-miR-3131	607	263.5	-0.15072126746922	0.3881	0.03083
hsa-miR-140-3p	285	264.3	-0.148161027150656	0.3888	0.03103
hsa-miR-148b-5p	312	267.1	-0.158268356517503	0.3966	0.0318
hsa-miR-642a-5p	2005	268.5	-0.26222672274106	0.3995	0.03219
hsa-miR-6729-5p	2110	269.2	-0.148960614291275	0.3999	0.03237
hsa-miR-126-5p	186	269.5	-0.153286059328523	0.399	0.03245
hsa-miR-409-3p	965	269.8	-0.144329165559629	0.3981	0.03252
hsa-miR-212-3p	465	270.2	-0.225328887673116	0.3977	0.03264
hsa-miR-27b-3p	528	270.3	-0.143213453711919	0.3963	0.03268
hsa-miR-1250-5p	161	271.3	-0.143054136717567	0.3979	0.03296
hsa-miR-6847-5p	2351	272.5	-0.160040412510468	0.3999	0.03327
hsa-miR-20a-5p	449	273	-0.13558601420693	0.3999	0.03342
hsa-miR-30e-5p	582	274	-0.146403493797487	0.4015	0.03371
hsa-miR-1287-5p	220	274	-0.134793803412827	0.3997	0.03371
hsa-miR-29c-3p	545	274.1	-0.275960984232732	0.3979	0.03371
hsa-miR-548ah-3p	1715	274.2	-0.149760644834091	0.3967	0.03375
hsa-miR-629-3p	1990	274.5	-0.144169725316234	0.3958	0.03383
hsa-miR-5587-5p	1825	275.3	-0.148960614291275	0.3966	0.03405
hsa-miR-4664-3p	1276	277.5	-0.251195309062932	0.4022	0.03468
hsa-miR-3917	924	277.6	-0.141461933663464	0.4009	0.03471
hsa-miR-6794-3p	2246	277.9	-0.143054136717567	0.4001	0.0348
hsa-miR-1226-3p	127	278	-0.25773503295987	0.3986	0.03482
hsa-miR-499b-3p	1540	278.4	-0.282087830355571	0.3983	0.03494
hsa-miR-374b-3p	875	279.1	-0.156980954276232	0.3987	0.03513
hsa-miR-503-5p	1573	280.1	-0.131313234677865	0.4003	0.03542
hsa-miR-4659a-3p	1264	282.8	-0.126738004621513	0.4073	0.03619
hsa-miR-145-3p	295	285.7	-0.132261648237312	0.415	0.03703
hsa-miR-4665-5p	1279	287.1	-0.156016155951673	0.418	0.03746
hsa-miR-423-5p	976	287.2	-0.125163697349526	0.4167	0.03749
hsa-miR-1269a	192	288	-0.130049652341001	0.4175	0.03772
hsa-miR-4747-3p	1411	290.8	-0.132261648237312	0.4249	0.03855
hsa-miR-3613-5p	769	292.8	-0.132261648237312	0.4295	0.03913
hsa-miR-6854-5p	2365	293.4	-0.142257815539934	0.4298	0.03932
hsa-miR-181c-5p	350	294.7	-0.23854450717728	0.4325	0.03973
hsa-miR-769-5p	2512	295.4	-0.12359110613115	0.4329	0.03994
hsa-miR-143-3p	291	296	-0.118413683756604	0.4331	0.04011
hsa-miR-3191-3p	693	299.8	-0.11966711132536	0.444	0.04129
hsa-miR-2682-5p	520	300.5	-0.209394757333387	0.4443	0.04148
hsa-miR-1278	207	301.4	-0.136378660257795	0.4456	0.04178
hsa-miR-6884-5p	2423	301.8	-0.11966711132536	0.4452	0.0419
hsa-let-7d-3p	8	302.9	-0.113410835081818	0.4471	0.04225
hsa-miR-12114	99	305.4	-0.136378660257795	0.4534	0.04302
hsa-miR-4687-3p	1312	306	-0.115910090866467	0.4536	0.04321
hsa-miR-6793-5p	2245	306.7	-0.11966711132536	0.454	0.04342
hsa-miR-6516-5p	2055	307.1	-0.115128608240301	0.4537	0.04356
hsa-miR-132-5p	262	308.6	-0.218430455184026	0.4567	0.04401
hsa-miR-1-3p	284	309.2	-0.117317827235331	0.4571	0.04423
hsa-let-7e-5p	11	311.8	-0.10609421115363	0.4638	0.04505
hsa-miR-3140-5p	620	314.8	-0.106404802121652	0.472	0.04603
hsa-miR-146a-5p	301	315.5	-0.104542258507317	0.4725	0.04626
hsa-miR-6797-5p	2253	315.6	-0.106404802121652	0.4711	0.0463
hsa-miR-378d	894	325.9	-0.158751428693752	0.5039	0.04971
hsa-miR-320e	714	1.442	1.41899946543127	1.05e-06	3.953e-10
hsa-miR-4421	1070	3.302	1.24731993497982	2.655e-05	1.999e-08
hsa-miR-641	2003	3.634	1.25096157353322	2.663e-05	3.008e-08
hsa-miR-1285-3p	216	5.429	1.16542962042419	0.0001035	1.559e-07
hsa-miR-219b-5p	486	6.214	1.1551015581257	0.0001415	2.663e-07
hsa-miR-3133	609	8.759	1.05102400302447	0.0004438	1.003e-06
hsa-miR-193b-5p	399	9.906	1.04194382997017	0.0006059	1.597e-06
hsa-miR-619-5p	1976	11.17	1.01863417413905	0.0008326	2.508e-06
hsa-miR-1468-5p	298	12.93	0.967168607532628	0.001271	4.308e-06
hsa-miR-1249-3p	158	17.9	0.9061209529971	0.003601	1.356e-05
hsa-miR-4671-5p	1291	19.36	0.882056070968626	0.004264	1.766e-05
hsa-miR-92a-1-5p	2610	19.77	0.880489626687819	0.004195	1.895e-05
hsa-miR-664b-3p	2080	25.56	0.810648747782646	0.009065	4.437e-05
hsa-miR-616-3p	1970	26.51	0.817213924258327	0.009473	4.993e-05
hsa-miR-6741-5p	2134	28	0.799916202989014	0.01055	5.955e-05
hsa-miR-1246	154	28.79	0.795766947782392	0.01081	6.512e-05
hsa-miR-4435	1088	29.27	0.791605724704552	0.01073	6.87e-05
hsa-miR-4709-5p	1348	30.38	0.770617646656203	0.01142	7.737e-05
hsa-miR-9985	2651	33.11	0.756169328139299	0.01421	0.0001016
hsa-miR-6514-5p	2050	35.33	0.748461233004036	0.01655	0.0001246
hsa-miR-6852-5p	2361	36.05	0.743299527888257	0.01679	0.0001328
hsa-miR-204-3p	436	37.41	0.728573602559365	0.01799	0.000149
hsa-miR-125b-2-3p	176	38.68	0.732920382108257	0.01909	0.0001653
hsa-miR-519a-5p	1654	40.24	0.696884090855454	0.02067	0.0001868
hsa-miR-6779-5p	2215	42.45	0.681674141792833	0.02339	0.0002202
hsa-miR-146b-3p	302	43.65	0.6915341649192	0.02449	0.0002398
hsa-miR-95-3p	2634	45.48	0.669933835668961	0.02674	0.0002719
hsa-miR-491-3p	1522	48.88	0.668119124686432	0.0321	0.0003384
hsa-miR-4473	1128	49.47	0.662661255475094	0.03213	0.0003508
hsa-miR-3918	925	50.17	0.656267534794289	0.0324	0.0003659
hsa-miR-324-5p	721	52.78	0.654435540845399	0.03651	0.0004261
hsa-miR-598-5p	1917	53.19	0.64984535230601	0.0362	0.0004362
hsa-miR-1285-5p	217	53.21	0.633198686374004	0.03515	0.0004368
hsa-miR-4741	1401	53.36	0.651683180632109	0.03441	0.0004404
hsa-miR-4787-3p	1476	54.63	0.644317778337577	0.03584	0.0004723
hsa-miR-3177-3p	671	56.02	0.637842060324105	0.03756	0.0005091
hsa-miR-16-2-3p	339	56.66	0.631337144127481	0.0378	0.0005266
hsa-miR-5001-3p	1544	56.81	0.612588406698718	0.03709	0.0005307
hsa-miR-224-3p	494	61.68	0.621055503299739	0.04609	0.0006768
hsa-miR-7-1-3p	2467	63.46	0.599317793698226	0.04887	0.000736
hsa-miR-33b-3p	743	63.65	0.614474282837701	0.04811	0.0007427
hsa-miR-5010-3p	1564	64.76	0.604071323668861	0.04941	0.0007813
hsa-miR-10395-3p	31	67.01	0.603121869839996	0.05332	0.0008632
hsa-miR-378f	896	67.41	0.562669826102702	0.053	0.000878
hsa-miR-4725-3p	1375	68.73	0.561692721398309	0.05483	0.000929
hsa-miR-760	2502	69.01	0.58207422139633	0.05429	0.0009402
hsa-miR-10526-3p	55	69.76	0.572404647390332	0.05483	0.0009703
hsa-miR-3617-5p	778	70.53	0.585923976958601	0.05542	0.001002
hsa-miR-454-5p	1222	71.7	0.569491091958716	0.05693	0.00105
hsa-miR-7114-5p	2466	75.94	0.532067552289031	0.06585	0.00124
hsa-miR-597-3p	1914	77.15	0.538041453333664	0.06754	0.001297
hsa-miR-200b-5p	427	79.99	0.544979883255804	0.07347	0.001438
hsa-miR-942-5p	2630	82.53	0.546956178141411	0.0788	0.001572
hsa-miR-195-5p	403	82.95	0.534061602421118	0.07846	0.001595
hsa-miR-6720-3p	2097	84.11	0.528071164578735	0.08013	0.001659
hsa-miR-616-5p	1972	84.12	0.520045024039818	0.07873	0.00166
hsa-miR-1276	204	86.29	0.528071164578735	0.08312	0.001784
hsa-miR-326	724	86.31	0.51500591643373	0.08172	0.001785
hsa-miR-106a-5p	60	87.11	0.507921464957328	0.08246	0.001832
hsa-miR-503-3p	1572	87.12	0.512985334813676	0.08111	0.001832
hsa-miR-32-3p	719	88.86	0.512985334813676	0.08435	0.001937
hsa-miR-152-5p	321	89.11	0.58111017522555	0.08365	0.001953
hsa-miR-126-3p	183	90.03	0.509949146304311	0.08474	0.00201
hsa-miR-24-2-5p	511	90.82	0.534061602421118	0.08548	0.00206
hsa-miR-3120-3p	589	98.33	0.512985334813676	0.105	0.002571
hsa-miR-598-3p	1916	98.62	0.480265122054463	0.1043	0.002592
hsa-miR-1291	225	99.85	0.477159211186641	0.1063	0.002683
hsa-miR-195-3p	402	100.8	0.498761465671852	0.1076	0.002755
hsa-miR-4802-3p	1500	101.2	0.464668267003444	0.1072	0.002785
hsa-miR-708-5p	2447	102.7	0.471967787661516	0.1099	0.002896
hsa-miR-1343-3p	266	103	0.465713319595964	0.1094	0.002923
hsa-miR-3679-5p	833	104.3	0.49364733397521	0.1115	0.003023
hsa-miR-628-3p	1988	105.4	0.454175893185802	0.1132	0.003113
hsa-miR-330-5p	730	105.4	0.473007567916174	0.1118	0.003115
hsa-miR-10399-5p	42	107.3	0.490570130446201	0.1159	0.003274
hsa-miR-30d-3p	579	110	0.463622456851893	0.1223	0.003499
hsa-miR-3614-5p	772	111.5	0.473007567916174	0.1253	0.003632
hsa-miR-4797-5p	1492	113.2	0.434027674663597	0.129	0.003787
hsa-miR-3691-5p	856	114.7	0.471967787661516	0.1317	0.003919
hsa-miR-4786-5p	1475	115.1	0.470927257475127	0.1315	0.003961
hsa-miR-23a-5p	506	116.5	0.441483479582645	0.1341	0.00409
hsa-miR-5193	1644	117.3	0.458382004156013	0.135	0.004166
hsa-miR-26a-1-3p	521	119.6	0.435095151620097	0.1405	0.00439
hsa-miR-628-5p	1989	124.2	0.421155960662223	0.1537	0.004862
hsa-miR-17-3p	341	126	0.415758666522498	0.1577	0.005048
hsa-miR-589-3p	1904	126.6	0.420078115979374	0.158	0.005115
hsa-miR-3911	916	130.4	0.498761465671852	0.1687	0.005525
hsa-miR-29a-5p	541	130.5	0.402722176845605	0.1673	0.005544
hsa-miR-548ay-3p	1743	131	0.405992359675837	0.167	0.005597
hsa-miR-3065-3p	566	133.3	0.408168370708106	0.1728	0.005855
hsa-miR-548ay-5p	1744	133.4	0.414676780426886	0.1715	0.005875
hsa-miR-579-5p	1890	133.8	0.420078115979374	0.1707	0.005913
hsa-miR-6500-3p	2018	135.1	0.386259141133346	0.1733	0.006067
hsa-miR-450a-5p	1177	135.2	0.38404980679516	0.1718	0.006079
hsa-miR-493-5p	1526	135.2	0.498761465671852	0.17	0.00608
hsa-miR-2277-3p	499	135.4	0.411426245726465	0.1689	0.006104
hsa-miR-1260a	178	136.2	0.3928669162308	0.1697	0.006197
hsa-miR-497-5p	1533	136.6	0.408168370708106	0.1692	0.006241
hsa-miR-128-3p	214	138.6	0.407080775450501	0.174	0.006485
hsa-miR-4673	1293	139.9	0.3928669162308	0.1765	0.006644
hsa-miR-204-5p	437	140.3	0.40381306161659	0.1762	0.0067
hsa-miR-9903	2649	141	0.481298941547565	0.1766	0.00678
hsa-miR-500b-3p	1562	141.5	0.484395962502666	0.1766	0.00685
hsa-miR-6779-3p	2214	142.2	0.401630466584741	0.1772	0.006937
hsa-miR-3928-3p	938	142.8	0.391767719955997	0.1776	0.007019
hsa-miR-20a-3p	448	143.4	0.3928669162308	0.1778	0.007095
hsa-miR-320d	713	143.5	0.402722176845605	0.1762	0.007099
hsa-miR-3065-5p	567	143.8	0.395062799517578	0.1757	0.007145
hsa-miR-4728-5p	1382	145.7	0.379620962055708	0.1801	0.007393
hsa-miR-301b-3p	550	147.5	0.379620962055708	0.1841	0.007625
hsa-miR-1914-3p	389	148	0.379620962055708	0.184	0.007688
hsa-miR-6832-5p	2323	148.6	0.379620962055708	0.1843	0.007772
hsa-miR-132-3p	260	148.9	0.374065718222538	0.1835	0.007807
hsa-miR-4690-5p	1317	149.1	0.37851162325373	0.1827	0.007841
hsa-miR-6847-3p	2350	149.7	0.361768359419153	0.1831	0.007928
hsa-miR-605-5p	1925	151.2	0.399444564589458	0.1861	0.008128
hsa-miR-6886-5p	2427	153.3	0.366252263699564	0.1911	0.008417
hsa-miR-216a-3p	473	153.5	0.375178479589612	0.1901	0.008447
hsa-miR-363-3p	791	153.6	0.371837617330421	0.189	0.008467
hsa-miR-664a-5p	2079	154.9	0.351628329102782	0.1912	0.00864
hsa-miR-1284	215	155	0.364012053558615	0.1901	0.008662
hsa-miR-296-5p	535	155.1	0.353887836284907	0.1887	0.008668
hsa-miR-660-3p	2072	155.8	0.364012053558615	0.1893	0.008768
hsa-miR-943	2631	155.9	0.372952097911829	0.1883	0.008793
hsa-miR-6886-3p	2426	156.5	0.353887836284907	0.1885	0.008871
hsa-miR-335-5p	734	156.5	0.367371065648529	0.1871	0.008878
hsa-miR-3691-3p	855	157.4	0.368489000645104	0.1882	0.008999
hsa-miR-676-3p	2180	158.8	0.353887836284907	0.1911	0.00921
hsa-miR-30c-1-3p	576	158.9	0.359521170427595	0.1899	0.009223
hsa-miR-6852-3p	2360	159.1	0.36513259345253	0.1891	0.009257
hsa-miR-328-3p	725	161.4	0.358396261956654	0.1946	0.009599
hsa-miR-1538	326	165.4	0.339137384919585	0.2054	0.01021
hsa-miR-92b-5p	2614	166.3	0.348232419239271	0.2065	0.01034
hsa-miR-6806-3p	2270	166.6	0.352758525040637	0.2059	0.01039
hsa-miR-519b-5p	1656	166.7	0.386259141133346	0.2047	0.01041
hsa-miR-491-5p	1523	167.2	0.347098670622268	0.2047	0.01048
hsa-miR-345-5p	750	167.6	0.344828496997441	0.2044	0.01054
hsa-miR-186-5p	364	167.7	0.340277404766254	0.2034	0.01057
hsa-miR-3909	914	168.1	0.345964030342872	0.2029	0.01062
hsa-miR-6845-5p	2347	168.4	0.34255474547732	0.2025	0.01067
hsa-miR-98-5p	2643	169.2	0.341416524478722	0.2033	0.01079
hsa-miR-548aa	1707	169.6	0.323081789503733	0.2031	0.01086
hsa-let-7c-5p	7	169.6	0.340277404766254	0.2017	0.01086
hsa-miR-6505-5p	2029	170.2	0.344828496997441	0.2021	0.01096
hsa-miR-523-5p	1682	170.5	0.386259141133346	0.2017	0.01101
hsa-miR-4750-5p	1417	170.7	0.336854639125465	0.2009	0.01104
hsa-miR-6516-3p	2054	171.1	0.329984649758421	0.2005	0.0111
hsa-miR-548t-3p	1777	172.5	0.323081789503733	0.2034	0.01133
hsa-miR-27b-5p	529	175.7	0.339137384919585	0.2113	0.01186
hsa-miR-3064-5p	565	177.3	0.331131922217202	0.2148	0.01213
hsa-miR-1303	245	178.2	0.325386414659773	0.2158	0.01227
hsa-miR-216b-5p	476	179.1	0.321928094887362	0.2171	0.01242
hsa-miR-196a-5p	406	183.6	0.323081789503733	0.2292	0.0132
hsa-miR-3681-5p	837	184.3	0.314986485468515	0.2298	0.01332
hsa-miR-4725-5p	1376	184.7	0.308011314552178	0.2297	0.0134
hsa-miR-3610	765	186.2	0.308011314552178	0.2325	0.01365
hsa-miR-3960	957	187.6	0.308011314552178	0.2353	0.01391
hsa-miR-6859-3p	2374	187.7	0.308011314552178	0.234	0.01392
hsa-miR-6881-3p	2416	187.8	0.313826296390398	0.2329	0.01394
hsa-miR-6813-5p	2285	187.9	0.308011314552178	0.2318	0.01396
hsa-miR-455-5p	1224	188	0.31034012061215	0.2306	0.01398
hsa-miR-4723-3p	1371	188.8	0.308011314552178	0.2316	0.01412
hsa-miR-125b-1-3p	175	189.4	0.31034012061215	0.232	0.01424
hsa-miR-6840-5p	2339	189.5	0.340277404766254	0.2307	0.01425
hsa-miR-570-3p	1870	189.6	0.308011314552178	0.2298	0.01428
hsa-miR-422a	974	189.8	0.314986485468515	0.2289	0.01431
hsa-miR-3200-5p	706	190.1	0.308011314552178	0.2285	0.01437
hsa-miR-449b-3p	1161	190.7	0.308011314552178	0.2288	0.01447
hsa-miR-6828-5p	2315	190.8	0.308011314552178	0.2278	0.01449
hsa-miR-4700-3p	1333	190.9	0.308011314552178	0.2265	0.0145
hsa-miR-552-5p	1797	191.1	0.308011314552178	0.2258	0.01454
hsa-miR-4667-5p	1284	191.1	0.308011314552178	0.2247	0.01455
hsa-miR-185-3p	361	191.2	0.302172799740752	0.2236	0.01457
hsa-miR-3140-3p	619	191.2	0.308011314552178	0.2223	0.01457
hsa-miR-372-3p	869	191.3	0.308011314552178	0.2212	0.01457
hsa-miR-6769b-5p	2195	191.4	0.308011314552178	0.2202	0.01459
hsa-miR-6514-3p	2049	191.5	0.308011314552178	0.2193	0.01461
hsa-miR-522-5p	1680	191.7	0.386259141133346	0.2186	0.01465
hsa-miR-6875-3p	2404	191.8	0.308011314552178	0.2177	0.01467
hsa-miR-185-5p	362	191.8	0.301002256032814	0.2165	0.01467
hsa-miR-664b-5p	2081	192.4	0.301002256032814	0.2169	0.01478
hsa-miR-3689f	853	192.5	0.312665173558394	0.216	0.0148
hsa-miR-3681-3p	836	192.5	0.308011314552178	0.2149	0.01481
hsa-miR-548ar-3p	1731	192.7	0.308011314552178	0.2143	0.01484
hsa-miR-6501-3p	2020	192.8	0.308011314552178	0.2133	0.01485
hsa-miR-222-5p	490	193	0.312665173558394	0.2126	0.01489
hsa-miR-486-3p	1510	193.4	0.308011314552178	0.2125	0.01496
hsa-miR-6875-5p	2405	193.5	0.308011314552178	0.2118	0.01499
hsa-miR-654-5p	2063	193.7	0.308011314552178	0.2111	0.01502
hsa-miR-519c-5p	1658	193.9	0.386259141133346	0.2105	0.01506
hsa-miR-5699-5p	1865	194.1	0.312665173558394	0.21	0.0151
hsa-miR-518e-5p	1638	194.8	0.386259141133346	0.2106	0.01522
hsa-miR-6894-5p	2443	196.1	0.308011314552178	0.213	0.01547
hsa-let-7f-1-3p	12	196.4	0.304511041809953	0.2126	0.01553
hsa-miR-454-3p	1221	197.7	0.301002256032814	0.2149	0.01577
hsa-miR-937-5p	2622	198.1	0.295135249000818	0.2148	0.01585
hsa-miR-4425	1075	202.8	0.291603558030565	0.226	0.01677
hsa-miR-28-5p	531	205	0.282143228781498	0.2306	0.01719
hsa-miR-6797-3p	2252	205.3	0.298658315564515	0.2303	0.01726
hsa-miR-4504	1169	207.2	0.2904244038653	0.2343	0.01764
hsa-miR-22-5p	496	209.8	0.273814244587037	0.24	0.01816
hsa-miR-199b-3p	417	212.8	0.270229907237998	0.2469	0.01878
hsa-miR-6721-5p	2099	213.1	0.282143228781498	0.2466	0.01885
hsa-miR-199a-3p	415	213.3	0.270229907237998	0.2459	0.01889
hsa-miR-501-3p	1568	214.7	0.269033146455237	0.2483	0.01917
hsa-miR-3199	704	215.5	0.27500704749987	0.2493	0.01934
hsa-miR-331-5p	732	216.1	0.282143228781498	0.2498	0.01947
hsa-miR-1255a	167	216.3	0.361768359419153	0.249	0.0195
hsa-miR-7850-5p	2527	216.4	0.27500704749987	0.2483	0.01953
hsa-miR-378c	893	217	0.261831658752137	0.2486	0.01966
hsa-miR-9898	2644	218.9	0.27500704749987	0.2527	0.02007
hsa-miR-6807-5p	2273	218.9	0.270229907237998	0.2515	0.02008
hsa-miR-374a-5p	874	219.2	0.263034405833794	0.251	0.02013
hsa-miR-130b-5p	256	219.3	0.264236151043547	0.2502	0.02016
hsa-miR-1257	171	220.8	0.258217389536018	0.2529	0.02047
hsa-miR-125a-3p	173	226.2	0.252173413202027	0.2664	0.02166
hsa-miR-744-5p	2496	229.6	0.248534836138679	0.2747	0.02245
hsa-miR-1307-5p	252	230.2	0.252173413202027	0.2749	0.02256
hsa-miR-135b-5p	274	231.2	0.248534836138679	0.2766	0.02281
hsa-miR-1289	223	231.6	0.249748715083569	0.2764	0.0229
hsa-miR-181b-2-3p	346	233	0.255802836602718	0.2791	0.02322
hsa-miR-424-5p	978	234.2	0.24731993497982	0.2811	0.0235
hsa-miR-7974	2535	234.7	0.237563718317676	0.2812	0.02361
hsa-miR-615-3p	1968	236.1	0.244887059123534	0.2838	0.02393
hsa-miR-522-3p	1679	237.7	0.29983076182237	0.2871	0.02432
hsa-miR-576-5p	1885	238.4	0.284514133244245	0.2879	0.02449
hsa-miR-1304-3p	246	239.3	0.231432408447965	0.289	0.0247
hsa-miR-32-5p	723	243.2	0.24000896473507	0.2987	0.02564
hsa-miR-6857-3p	2370	243.9	0.230203013366421	0.2995	0.02582
hsa-miR-6808-3p	2274	245.9	0.238786859587116	0.3038	0.02631
hsa-miR-6746-5p	2143	247.4	0.244887059123534	0.3067	0.02667
hsa-miR-577	1886	247.7	0.235114320376357	0.3062	0.02674
hsa-miR-183-5p	358	249.6	0.216610068742442	0.3103	0.02722
hsa-miR-3187-5p	687	251.2	0.221567788538409	0.3135	0.02762
hsa-miR-6868-3p	2390	252	0.238786859587116	0.3145	0.02782
hsa-miR-425-5p	985	253.4	0.215367972203479	0.3172	0.02818
hsa-miR-3615	773	253.6	0.219091058246197	0.3163	0.02823
hsa-miR-6812-3p	2282	254.2	0.238786859587116	0.3168	0.02839
hsa-miR-378a-3p	890	254.8	0.216610068742442	0.3172	0.02854
hsa-miR-200a-5p	425	256.4	0.220329954879556	0.3204	0.02895
hsa-miR-20b-5p	451	257.2	0.284514133244245	0.3215	0.02917
hsa-miR-5090	1589	259.4	0.305678743242287	0.3265	0.02975
hsa-miR-4798-5p	1494	260.6	0.209141397838592	0.3286	0.03007
hsa-miR-24-3p	512	261.2	0.206643223983395	0.3289	0.03021
hsa-let-7d-5p	9	263.5	0.200378797984026	0.3343	0.03083
hsa-miR-1295a	232	264.8	0.204140716780225	0.3367	0.03118
hsa-miR-561-5p	1836	268	0.238786859587116	0.3446	0.03205
hsa-miR-135b-3p	273	269.1	0.199122642013601	0.3463	0.03234
hsa-miR-1283	213	270.6	0.282143228781498	0.3495	0.03276
hsa-miR-1299	241	270.8	0.289244285156642	0.3484	0.0328
hsa-miR-200a-3p	424	271.1	0.209141397838592	0.3482	0.0329
hsa-let-7a-5p	3	273	0.200378797984026	0.3523	0.03343
hsa-miR-4746-5p	1410	274.6	0.20163386116965	0.3554	0.03386
hsa-miR-2277-5p	500	276.8	0.191562650700756	0.3606	0.03448
hsa-miR-145-5p	296	278.2	0.189033824390017	0.3632	0.03487
hsa-miR-1307-3p	251	279.3	0.191562650700756	0.3652	0.0352
hsa-miR-1183	80	280.9	0.276198865032242	0.3683	0.03564
hsa-miR-505-3p	1577	282.1	0.191562650700756	0.3705	0.03599
hsa-miR-330-3p	729	283.5	0.178873958169795	0.3733	0.0364
hsa-miR-96-5p	2638	284.8	0.178873958169795	0.3756	0.03677
hsa-miR-3170	664	284.9	0.292781749227846	0.3746	0.03681
hsa-miR-4498	1158	288.5	0.181420640280142	0.3837	0.03785
hsa-miR-224-5p	495	288.5	0.176322772640463	0.3823	0.03786
hsa-miR-148a-3p	309	289.7	0.278579550458423	0.3845	0.03822
hsa-miR-19b-1-5p	421	290.8	0.175045486110914	0.3864	0.03855
hsa-miR-4420	1069	291.9	0.178873958169795	0.3882	0.03888
hsa-miR-34b-3p	754	297.2	0.169925001442312	0.4026	0.04047
hsa-miR-6870-3p	2394	297.3	0.276198865032242	0.4015	0.04051
hsa-miR-4707-5p	1344	298.4	0.276198865032242	0.4032	0.04084
hsa-miR-30a-3p	572	298.7	0.16478627814334	0.4028	0.04095
hsa-miR-671-3p	2087	300.6	0.168642035558839	0.4068	0.04151
hsa-miR-4646-3p	1245	300.9	0.276198865032242	0.4065	0.04163
hsa-miR-6835-5p	2329	303.5	0.276198865032242	0.4128	0.04243
hsa-miR-3190-3p	691	304.1	0.162210036314307	0.413	0.0426
hsa-miR-4525	1203	305.9	0.276198865032242	0.4169	0.04316
hsa-miR-500a-3p	1560	306.8	0.160920188181103	0.4183	0.04347
hsa-miR-3684	841	308.9	0.15704371014558	0.423	0.04411
hsa-miR-4726-5p	1378	309.4	0.15704371014558	0.4231	0.04428
hsa-miR-93-3p	2616	309.7	0.155749232677945	0.4225	0.04438
hsa-miR-744-3p	2495	310.4	0.235114320376357	0.4232	0.04461
hsa-miR-6827-5p	2313	311.6	0.192825403552391	0.4251	0.04498
hsa-miR-4700-5p	1334	311.9	0.15704371014558	0.4246	0.04508
hsa-miR-548j-5p	1767	312.7	0.177598929327733	0.4255	0.04534
hsa-miR-6786-3p	2230	312.9	0.162210036314307	0.4248	0.04542
hsa-miR-378g	897	313.7	0.155749232677945	0.4255	0.04566
hsa-miR-99b-5p	2656	315.8	0.151858816727005	0.4305	0.04635
hsa-miR-3619-3p	780	319.3	0.238786859587116	0.4396	0.0475
hsa-miR-9-5p	2636	326.4	0.146655222119465	0.4598	0.04986
