gene.index	RP.Rsum	FC..class1.class2.	pfp	P.value
hsa-miR-1291	225	12.41	-1.05020363137679	0.009839	3.704e-06
hsa-miR-4709-5p	1348	28.97	-0.754869468588167	0.08829	6.648e-05
hsa-miR-5001-3p	1544	30.86	-0.73792771160159	0.07202	8.135e-05
hsa-miR-24-1-5p	510	32.83	-0.763415541886825	0.06572	9.898e-05
hsa-miR-6734-5p	2120	37.77	-0.736004117928761	0.08152	0.0001535
hsa-miR-181d-5p	352	39.23	-0.710283551513701	0.07642	0.0001726
hsa-miR-375-3p	879	50.13	-0.663145360874535	0.1385	0.000365
hsa-miR-95-3p	2634	50.54	-0.618827395283202	0.1242	0.0003741
hsa-miR-3131	607	50.95	-0.663373834236464	0.1131	0.0003834
hsa-miR-1273c	198	54.78	-0.621932351219966	0.1265	0.0004762
hsa-miR-216b-5p	476	57.66	-0.649729075771596	0.1339	0.0005546
hsa-miR-3183	680	57.99	-0.645886407507623	0.1249	0.0005641
hsa-miR-708-5p	2447	59	-0.500013835578126	0.1213	0.0005939
hsa-miR-641	2003	63.46	-0.604717795867767	0.1396	0.0007361
hsa-miR-4687-3p	1312	66.45	-0.611094115960931	0.1491	0.000842
hsa-miR-3940-5p	949	68.68	-0.553002759323611	0.1539	0.0009272
hsa-miR-32-5p	723	71.76	-0.534077760696063	0.1645	0.001053
hsa-miR-33b-3p	743	79.01	-0.554273296650016	0.2049	0.001389
hsa-miR-10395-3p	31	79.53	-0.533033615726921	0.1978	0.001415
hsa-miR-449c-5p	1164	80.26	-0.573466861883327	0.1928	0.001452
hsa-miR-450b-5p	1179	81.81	-0.5263689234488	0.194	0.001534
hsa-miR-548k	1768	86.19	-0.54814270552346	0.2146	0.001778
hsa-miR-943	2631	86.36	-0.532824877385981	0.2065	0.001788
hsa-miR-1284	215	86.46	-0.52865644038928	0.1985	0.001793
hsa-miR-6502-5p	2023	92.2	-0.475936324222789	0.2283	0.002149
hsa-miR-1292-5p	229	94.64	-0.502259911390907	0.2362	0.002312
hsa-miR-222-5p	490	95.55	-0.50635266602479	0.2336	0.002374
hsa-miR-7844-5p	2521	95.64	-0.492484413520771	0.2258	0.00238
hsa-miR-519a-5p	1654	97.33	-0.485397973557959	0.2289	0.002499
hsa-miR-500a-5p	1561	101.9	-0.460965297029246	0.251	0.002836
hsa-miR-4661-5p	1271	102.1	-0.456405135747399	0.2442	0.00285
hsa-miR-10523-5p	52	104.7	-0.446344597667109	0.254	0.00306
hsa-miR-32-3p	719	105.8	-0.4813641528372	0.2534	0.003148
hsa-miR-548w	1781	105.8	-0.529905707352221	0.246	0.003149
hsa-miR-3661	809	106	-0.218766199900666	0.2402	0.003165
hsa-miR-6871-3p	2396	107	-0.495328764614261	0.2393	0.003243
hsa-miR-191-3p	388	107.9	-0.532198843511593	0.2385	0.003323
hsa-miR-486-3p	1510	114.5	-0.415229871442725	0.273	0.003906
hsa-miR-6720-3p	2097	115.2	-0.440655033458114	0.2703	0.003969
hsa-miR-6780a-5p	2217	120.3	-0.447918089346892	0.2964	0.004463
hsa-miR-3177-3p	671	120.5	-0.45600928033515	0.2899	0.004475
hsa-miR-4286	1016	121.1	-0.405451450449646	0.287	0.004538
hsa-miR-548p	1774	124.4	-0.364384894130257	0.3013	0.004878
hsa-miR-516a-5p	1617	125.1	-0.416769772900081	0.299	0.004954
hsa-miR-454-5p	1222	125.5	-0.417347659966045	0.2944	0.004988
hsa-miR-125b-2-3p	176	126.3	-0.363642193964105	0.2932	0.005078
hsa-miR-6735-3p	2121	129	-0.395359303815341	0.3036	0.005372
hsa-miR-4645-3p	1243	132	-0.385714193880954	0.3156	0.005704
hsa-miR-664b-5p	2081	132.9	-0.410428246026254	0.3147	0.005806
hsa-miR-301a-5p	549	133.3	-0.40258801244535	0.311	0.005854
hsa-miR-378a-5p	891	134.7	-0.371273056968673	0.3135	0.006021
hsa-miR-181b-3p	347	137.4	-0.341171575656346	0.3242	0.006347
hsa-miR-4753-5p	1421	138.1	-0.379319758775699	0.3219	0.006424
hsa-miR-642a-3p	2004	139.9	-0.398018300167363	0.3268	0.006645
hsa-miR-4731-5p	1386	141.1	-0.382325374531319	0.3283	0.006799
hsa-miR-128-1-5p	210	141.3	-0.400682206301774	0.3238	0.006828
hsa-miR-3922-5p	930	141.4	-0.382325374531319	0.3184	0.006834
hsa-miR-126-5p	186	141.4	-0.369967366106233	0.3131	0.006837
hsa-miR-1914-5p	390	147.1	-0.367359524134368	0.341	0.007576
hsa-miR-9985	2651	148.9	-0.352178966598703	0.3462	0.00782
hsa-miR-5008-3p	1556	149.6	-0.363456578648199	0.3442	0.007906
hsa-miR-4802-3p	1500	150.2	-0.3503385593573	0.3422	0.007988
hsa-miR-199b-5p	418	152.5	-0.35089043505707	0.3501	0.008304
hsa-miR-576-5p	1885	156.2	-0.336245517616654	0.3668	0.008838
hsa-miR-522-5p	1680	167.3	-0.33442531167133	0.4293	0.01051
hsa-miR-519b-5p	1656	168.3	-0.33442531167133	0.4285	0.01065
hsa-miR-4479	1136	169	-0.38364230300331	0.4265	0.01076
hsa-miR-518e-5p	1638	169.1	-0.33442531167133	0.4213	0.01079
hsa-miR-519c-5p	1658	169.3	-0.33442531167133	0.4162	0.01081
hsa-miR-523-5p	1682	169.4	-0.33442531167133	0.4107	0.01082
hsa-miR-642a-5p	2005	171.8	-0.341171575656346	0.4195	0.01122
hsa-miR-4750-5p	1417	172.2	-0.359564163380412	0.4159	0.01127
hsa-miR-6812-5p	2283	174.6	-0.320305975237679	0.4247	0.01167
hsa-miR-548az-5p	1746	175.4	-0.294597079870272	0.4237	0.01181
hsa-miR-550a-3-5p	1788	176.7	-0.384395373640734	0.4255	0.01201
hsa-miR-6798-3p	2254	177.6	-0.312222622603695	0.4255	0.01217
hsa-miR-450a-1-3p	1175	178.9	-0.310253561506444	0.4274	0.01239
hsa-miR-224-3p	494	179.6	-0.338068022963733	0.4258	0.0125
hsa-miR-4786-5p	1475	180.3	-0.322830061181755	0.4249	0.01264
hsa-miR-6797-3p	2252	180.5	-0.314912044324971	0.4204	0.01266
hsa-miR-100-3p	19	180.8	-0.324635687250854	0.4172	0.01272
hsa-miR-5004-3p	1550	182.2	-0.326262685151254	0.4199	0.01296
hsa-miR-6763-5p	2179	183.3	-0.3084658350808	0.4209	0.01315
hsa-miR-6818-3p	2294	183.7	-0.314553164959715	0.4182	0.01322
hsa-miR-550a-5p	1790	185	-0.384395373640734	0.4204	0.01345
hsa-miR-7850-5p	2527	188.4	-0.399349638378805	0.4339	0.01405
hsa-miR-5188	1627	189.3	-0.321928094887362	0.434	0.01422
hsa-miR-20b-5p	451	189.5	-0.330247532744238	0.4301	0.01425
hsa-miR-9898	2644	191.8	-0.399349638378805	0.438	0.01468
hsa-miR-491-5p	1523	193.4	-0.271774706240224	0.4418	0.01497
hsa-miR-1343-3p	266	196	-0.279458852453401	0.4512	0.01546
hsa-miR-146b-3p	302	198.3	-0.298317879704717	0.4586	0.01588
hsa-miR-6720-5p	2098	202.1	-0.284018796811603	0.4746	0.01662
hsa-miR-6772-3p	2200	203.4	-0.276310389669385	0.4769	0.01688
hsa-miR-11399	70	205	-0.339527686718844	0.4805	0.01719
hsa-miR-3944-5p	955	206.8	-0.327348370671615	0.4856	0.01755
hsa-miR-450a-2-3p	1176	209.3	-0.243659847748147	0.4944	0.01805
hsa-miR-7976	2537	210.5	-0.244001516202293	0.4963	0.01831
hsa-miR-6751-5p	2153	211	-0.382325374531319	0.4939	0.01841
hsa-miR-148b-3p	311	211	-0.267079617891743	0.489	0.01841
hsa-miR-3187-5p	687	211.1	-0.298317879704717	0.4846	0.01843
hsa-miR-10401-3p	49	212.5	-0.279984264917195	0.4875	0.01872
hsa-miR-455-3p	1223	214.6	-0.246053227912235	0.494	0.01916
hsa-miR-24-2-5p	511	214.8	-0.252397769725057	0.4904	0.0192
hsa-miR-7114-5p	2466	215.1	-0.383265915043729	0.4872	0.01926
hsa-miR-1304-3p	246	218.8	-0.246737780732143	0.5024	0.02005
hsa-miR-6729-5p	2110	219.3	-0.242806030453363	0.5001	0.02015
hsa-miR-1283	213	221.2	-0.2172559636048	0.5055	0.02056
hsa-miR-195-5p	403	221.5	-0.223306417658407	0.5026	0.02062
hsa-miR-149-3p	313	222.5	-0.258425152581204	0.5033	0.02084
hsa-miR-7113-5p	2464	225.1	-0.237693710997118	0.5125	0.02142
hsa-miR-6820-3p	2298	225.2	-0.331699301461351	0.5086	0.02145
hsa-miR-6858-3p	2372	226.7	-0.244514170649224	0.5122	0.02179
hsa-miR-324-3p	720	227.2	-0.321387185661171	0.5099	0.02189
hsa-miR-328-3p	725	228.8	-0.21943792382894	0.514	0.02226
hsa-miR-454-3p	1221	231.4	-0.234634992450195	0.5231	0.02285
hsa-miR-548ah-3p	1715	234	-0.237183474018894	0.5324	0.02345
hsa-miR-99a-5p	2654	235.1	-0.212400373089006	0.5338	0.02372
hsa-miR-4707-3p	1343	235.3	-0.144329165559629	0.5304	0.02376
hsa-miR-103a-2-5p	44	238.2	-0.25256963166354	0.541	0.02444
hsa-miR-663b	2077	238.6	-0.226678777868338	0.5385	0.02453
hsa-miR-422a	974	240.7	-0.214072869266219	0.5452	0.02504
hsa-miR-132-3p	260	242.6	-0.203734511047794	0.5505	0.02549
hsa-miR-548am-3p	1722	243.2	-0.294951028606318	0.5491	0.02564
hsa-miR-181c-3p	349	245	-0.222632890549587	0.5543	0.02609
hsa-miR-632	1994	245.3	-0.313477062194093	0.5515	0.02616
hsa-miR-6741-3p	2133	247.7	-0.195946441032647	0.5594	0.02675
hsa-miR-4797-3p	1491	250.5	-0.193469710740434	0.5697	0.02746
hsa-miR-197-5p	412	252.5	-0.266038336691079	0.5756	0.02796
hsa-miR-181a-2-3p	343	253.2	-0.192315356756893	0.575	0.02814
hsa-miR-92a-1-5p	2610	253.4	-0.155694699836063	0.5715	0.02819
hsa-miR-3613-3p	768	255.9	-0.142894837314668	0.58	0.02883
hsa-miR-576-3p	1884	257	-0.257562554623734	0.5813	0.02911
hsa-miR-543	1700	261.6	-0.191326645096798	0.6012	0.03033
hsa-miR-1226-3p	127	264.1	-0.31079031169837	0.6094	0.03098
hsa-miR-628-5p	1989	264.5	-0.183932827097824	0.6074	0.0311
hsa-miR-548n	1771	267.1	-0.197765416051509	0.6164	0.0318
hsa-miR-3157-3p	646	270.1	-0.166988500841638	0.6275	0.0326
hsa-miR-25-5p	516	274.3	-0.186557400948926	0.6453	0.03377
hsa-miR-2276-3p	497	275.2	-0.184588523071337	0.6456	0.03403
hsa-miR-505-5p	1578	275.8	-0.238033969263056	0.6442	0.0342
hsa-miR-4690-3p	1316	278.6	-0.324635687250854	0.6545	0.03499
hsa-miR-484	1507	280.8	-0.147361882921011	0.6614	0.03561
hsa-miR-4738-3p	1396	281.5	-0.16682653676166	0.6608	0.03583
hsa-miR-378i	899	283.8	-0.152965210880434	0.6685	0.0365
hsa-miR-615-3p	1968	284	-0.123276793484833	0.665	0.03655
hsa-miR-4429	1079	284.1	-0.170718702002469	0.661	0.03658
hsa-miR-374a-3p	873	285.2	-0.107181572204967	0.662	0.03689
hsa-miR-96-5p	2638	285.9	-0.161491897219344	0.661	0.03708
hsa-miR-217-5p	478	287.8	-0.223811769420556	0.6665	0.03764
hsa-miR-22-5p	496	289.1	-0.276834656542415	0.6691	0.03804
hsa-miR-501-3p	1568	289.6	-0.148800661406706	0.6672	0.03818
hsa-miR-296-5p	535	289.7	-0.172831350707969	0.6637	0.03823
hsa-miR-152-5p	321	291.8	-0.134160347841338	0.6701	0.03885
hsa-miR-549a-5p	1787	294.2	-0.171693386224356	0.6779	0.03956
hsa-miR-664a-3p	2078	295.5	-0.233616858998702	0.6804	0.03996
hsa-miR-522-3p	1679	296.4	-0.243147496736824	0.6808	0.04025
hsa-miR-548aa	1707	297.4	-0.162298909066135	0.6816	0.04055
hsa-miR-548av-3p	1739	301.2	-0.164560946775875	0.6966	0.0417
hsa-miR-183-3p	357	305.2	-0.276485124126195	0.7129	0.04295
hsa-miR-6511a-3p	2040	305.4	-0.228536941634349	0.7096	0.04301
hsa-miR-6755-5p	2162	306.1	-0.128944924913371	0.7087	0.04323
hsa-miR-598-3p	1916	306.1	-0.196938324908699	0.7046	0.04324
hsa-miR-149-5p	314	307.5	-0.123905487270091	0.7075	0.04368
hsa-miR-1307-5p	252	309.9	-0.113098732313508	0.7155	0.04445
hsa-miR-708-3p	2446	310	-0.159395776645905	0.7114	0.04446
hsa-miR-4671-5p	1291	310	-0.212066106395924	0.7073	0.04447
hsa-miR-509-3-5p	1593	311.3	-0.155694699836063	0.7098	0.04489
hsa-miR-12114	99	314.1	-0.237863830098888	0.7199	0.04581
hsa-miR-548ae-5p	1713	314.3	-0.152804813410605	0.7164	0.04585
hsa-miR-4727-3p	1379	314.3	-0.152804813410605	0.7125	0.04587
hsa-miR-147b-5p	308	314.4	-0.0257643957909293	0.7087	0.0459
hsa-miR-363-3p	791	314.7	-0.241611534520648	0.7061	0.04599
hsa-miR-7977	2538	315	-0.152804813410605	0.7033	0.04608
hsa-miR-19a-3p	419	315.4	-0.155694699836063	0.7013	0.04621
hsa-miR-1278	207	315.6	-0.136061549576028	0.6983	0.04627
hsa-miR-219a-5p	484	315.7	-0.155694699836063	0.6948	0.0463
hsa-miR-4449	1106	315.7	-0.152804813410605	0.6909	0.0463
hsa-miR-3184-3p	681	315.8	-0.152804813410605	0.6875	0.04633
hsa-miR-3198	703	315.8	-0.152804813410605	0.684	0.04636
hsa-miR-365a-5p	805	315.9	-0.130365444186607	0.6806	0.04638
hsa-miR-142-3p	289	316.1	-0.152804813410605	0.6777	0.04644
hsa-miR-205-5p	442	316.1	-0.152804813410605	0.6742	0.04645
hsa-miR-3157-5p	647	316.3	-0.0911102530262792	0.6713	0.0465
hsa-miR-3941	950	316.4	-0.155694699836063	0.6683	0.04655
hsa-miR-323b-3p	717	316.8	-0.155694699836063	0.6664	0.04667
hsa-miR-5584-3p	1818	317.3	-0.152804813410605	0.6653	0.04684
hsa-miR-26b-3p	524	317.6	-0.250508638397475	0.6629	0.04692
hsa-miR-4794	1486	317.6	-0.152804813410605	0.6595	0.04693
hsa-miR-433-3p	1066	317.8	-0.154570167148848	0.6571	0.04701
hsa-miR-338-5p	738	318.1	-0.152804813410605	0.655	0.0471
hsa-miR-4638-3p	1233	318.3	-0.152804813410605	0.6526	0.04718
hsa-miR-485-3p	1508	318.5	-0.152804813410605	0.65	0.04723
hsa-miR-639	2001	318.9	-0.152804813410605	0.6486	0.04737
hsa-miR-6724-5p	2102	319	-0.111227532257558	0.6456	0.0474
hsa-miR-3648	794	319.6	-0.154570167148848	0.6447	0.04758
hsa-miR-6732-5p	2116	319.8	-0.152804813410605	0.6424	0.04765
hsa-miR-6879-5p	2413	319.8	-0.152804813410605	0.6392	0.04765
hsa-miR-29b-2-5p	543	320.6	-0.146563181111933	0.6395	0.04792
hsa-miR-4689	1315	321	-0.190997225060914	0.6381	0.04805
hsa-miR-6786-5p	2231	321.5	-0.152804813410605	0.6374	0.04824
hsa-miR-378j	900	321.5	-0.155694699836063	0.6342	0.04824
hsa-miR-5010-5p	1565	322.1	-0.154570167148848	0.6333	0.04841
hsa-miR-6749-3p	2148	323.6	-0.152804813410605	0.6369	0.04892
hsa-miR-3152-5p	639	324.8	-0.258425152581204	0.6389	0.04931
hsa-miR-4742-3p	1402	325.9	-0.187542848419543	0.6406	0.04969
hsa-miR-548u	1779	326.5	-0.210062131019805	0.6402	0.0499
hsa-miR-429	1020	326.6	-0.184424571137427	0.6377	0.04994
hsa-miR-1269a	192	7.507	1.14730669878029	0.001475	5.554e-07
hsa-miR-3200-3p	705	8.218	1.10902617649837	0.001044	7.862e-07
hsa-miR-3187-3p	686	12.81	0.997111720675174	0.003693	4.171e-06
hsa-miR-1276	204	13.35	1.00863030514344	0.003223	4.854e-06
hsa-miR-3614-5p	772	16.81	0.940354711533293	0.005805	1.093e-05
hsa-miR-6866-5p	2387	17.12	0.971589535530062	0.005153	1.164e-05
hsa-miR-10399-5p	42	26.31	0.833497336859835	0.01848	4.871e-05
hsa-miR-582-3p	1894	29.19	0.827006009638977	0.0226	6.808e-05
hsa-miR-1910-5p	382	36.43	0.734655433479005	0.04049	0.0001372
hsa-miR-6716-3p	2092	43.07	0.670840335881562	0.06112	0.0002301
hsa-miR-203a-3p	432	51.22	0.669933835668961	0.09406	0.0003895
hsa-miR-940	2627	52.71	0.660837367696284	0.09394	0.0004244
hsa-miR-1268b	191	53.02	0.630405471482323	0.08826	0.000432
hsa-miR-504-5p	1575	60.91	0.612588406698718	0.1238	0.0006524
hsa-miR-500b-3p	1562	61.4	0.603121869839996	0.1183	0.000668
hsa-miR-1304-5p	247	61.68	0.632268215499513	0.1124	0.0006769
hsa-miR-23a-5p	506	64.31	0.614474282837701	0.1196	0.0007654
hsa-miR-4502	1167	64.74	0.585923976958601	0.1151	0.0007803
hsa-miR-200a-3p	424	67.71	0.570462931026041	0.1243	0.0008895
hsa-miR-138-1-3p	279	73.1	0.569491091958716	0.1475	0.001111
hsa-miR-3193	697	74.03	0.583037623796664	0.1457	0.001152
hsa-miR-5091	1590	74.07	0.603121869839996	0.1393	0.001154
hsa-miR-127-3p	201	74.63	0.566571640626761	0.1361	0.001179
hsa-miR-219a-1-3p	482	79.95	0.545968369105292	0.1589	0.001436
hsa-miR-6510-3p	2038	80.78	0.534061602421118	0.1571	0.001479
hsa-miR-135b-3p	273	81.62	0.519038609600059	0.1556	0.001524
hsa-miR-4787-3p	1476	83.2	0.58111017522555	0.1582	0.001608
hsa-miR-378d	894	84.28	0.513995979367013	0.1583	0.001668
hsa-let-7g-3p	15	85.05	0.537047519404657	0.1568	0.001712
hsa-miR-6782-3p	2222	88.55	0.499782120147312	0.1699	0.001919
hsa-miR-489-3p	1518	88.73	0.575312330687437	0.1653	0.00193
hsa-miR-1908-3p	373	89.98	0.50182126542091	0.1666	0.002007
hsa-miR-1226-5p	128	91.27	0.505890929729957	0.1681	0.002089
hsa-miR-1267	189	92.66	0.497740088609093	0.1702	0.002179
hsa-miR-582-5p	1895	93.35	0.603121869839996	0.1689	0.002225
hsa-miR-3662	810	95.01	0.523060061795249	0.1724	0.002337
hsa-miR-5588-5p	1827	96.27	0.506906554580693	0.174	0.002424
hsa-miR-3138	616	96.71	0.474046599319306	0.1716	0.002455
hsa-miR-4684-3p	1307	100.4	0.395062799517578	0.1855	0.002724
hsa-miR-17-3p	341	101.9	0.486456955768731	0.1885	0.002838
hsa-miR-3617-3p	777	102.9	0.475084882948783	0.1887	0.002913
hsa-miR-3180-3p	676	103.1	0.473007567916174	0.1852	0.002928
hsa-miR-3180	675	103.2	0.473007567916174	0.1814	0.002936
hsa-miR-556-3p	1801	113.8	0.455228571117139	0.2318	0.003839
hsa-miR-451a	1190	116.5	0.459431618637297	0.2412	0.004087
hsa-miR-342-5p	748	117.4	0.43722773891291	0.241	0.004174
hsa-miR-4793-3p	1484	119.9	0.441483479582645	0.2499	0.004422
hsa-miR-184	359	120.5	0.434027674663597	0.2479	0.00448
hsa-miR-4683	1306	123.5	0.38404980679516	0.2594	0.004785
hsa-miR-3074-3p	568	125.4	0.389566811762726	0.2649	0.004986
hsa-miR-5581-3p	1812	127.5	0.407080775450501	0.2711	0.005205
hsa-miR-625-5p	1984	130.4	0.395062799517578	0.2821	0.005523
hsa-miR-374b-3p	875	130.4	0.323081789503733	0.2768	0.005524
hsa-miR-6842-3p	2342	131.3	0.466757615726171	0.2768	0.005628
hsa-miR-3152-3p	638	134.9	0.414676780426886	0.2922	0.00605
hsa-miR-140-5p	286	136.1	0.393965275660243	0.2936	0.00619
hsa-miR-6721-5p	2099	139.8	0.389566811762726	0.3094	0.00664
hsa-miR-324-5p	721	142	0.3928669162308	0.3166	0.006915
hsa-miR-6513-3p	2046	144.9	0.481298941547565	0.3278	0.007282
hsa-miR-194-3p	400	146	0.252173413202027	0.3286	0.007422
hsa-miR-4660	1269	146.4	0.399444564589458	0.3258	0.007482
hsa-miR-7851-3p	2528	150.4	0.36289064266586	0.3435	0.008019
hsa-miR-2278	501	152.8	0.350497247084133	0.352	0.008349
hsa-miR-519a-2-5p	1652	154.5	0.465713319595964	0.3563	0.008585
hsa-miR-3918	925	154.9	0.381837083906047	0.3532	0.008644
hsa-miR-320c	712	155	0.358396261956654	0.3485	0.00866
hsa-miR-1287-3p	219	155.9	0.349365277594213	0.3482	0.008783
hsa-miR-3065-5p	567	156.8	0.339137384919585	0.3482	0.008914
hsa-miR-551b-5p	1795	156.8	0.18269229751619	0.3435	0.008925
hsa-miR-589-3p	1904	157	0.430820496519772	0.3395	0.008949
hsa-miR-424-5p	978	157.3	0.391767719955997	0.3363	0.008991
hsa-miR-4775	1457	157.4	0.345964030342872	0.3324	0.009012
hsa-miR-23c	509	157.8	0.20163386116965	0.3297	0.009062
hsa-miR-520b-5p	1666	161.6	0.465713319595964	0.3455	0.009625
hsa-miR-18a-5p	370	162.5	0.343692069179019	0.3455	0.009757
hsa-miR-409-3p	965	165.4	0.366252263699564	0.3565	0.0102
hsa-miR-6819-5p	2297	167.8	0.323081789503733	0.3648	0.01058
hsa-miR-212-5p	466	170	0.345964030342872	0.3718	0.01092
hsa-miR-6853-3p	2362	172.4	0.32077347694587	0.3802	0.01131
hsa-miR-1293	230	174.8	0.31150311546827	0.3886	0.0117
hsa-miR-4677-3p	1298	176.2	0.309176187478515	0.3917	0.01195
hsa-miR-340-3p	745	177.4	0.309176187478515	0.393	0.01213
hsa-miR-339-3p	739	177.9	0.314986485468515	0.3911	0.01222
hsa-miR-2277-3p	499	179.2	0.289244285156642	0.3937	0.01245
hsa-miR-548i	1765	180.6	0.336854639125465	0.3963	0.01268
hsa-miR-769-3p	2511	182.1	0.288063200325316	0.3997	0.01294
hsa-miR-1262	181	182.5	0.377401430785794	0.3975	0.01302
hsa-miR-6859-5p	2375	183.3	0.324234562270531	0.397	0.01315
hsa-miR-6783-3p	2224	184.6	0.301002256032814	0.3993	0.01338
hsa-miR-3944-3p	954	189.3	0.36289064266586	0.4196	0.01422
hsa-miR-199b-3p	417	193.2	0.270229907237998	0.4359	0.01494
hsa-miR-1255a	167	196.4	0.317304068361915	0.4482	0.01553
hsa-miR-122-5p	126	198.6	0.210388864445403	0.4552	0.01594
hsa-miR-3690	854	199.6	0.340277404766254	0.4557	0.01613
hsa-miR-579-5p	1890	204.1	0.367371065648529	0.4757	0.01702
hsa-miR-29b-1-5p	542	205.4	0.266636642513989	0.4779	0.01727
hsa-miR-4723-5p	1372	205.7	0.278579550458423	0.4745	0.01733
hsa-miR-16-2-3p	339	206	0.197865391353738	0.4714	0.01739
hsa-miR-199a-3p	415	206	0.270229907237998	0.4668	0.0174
hsa-miR-330-5p	730	206.1	0.264236151043547	0.4624	0.01741
hsa-miR-20a-5p	449	214.2	0.273814244587037	0.5015	0.01907
hsa-miR-6869-5p	2393	216	0.314986485468515	0.5065	0.01945
hsa-miR-342-3p	747	216.6	0.255802836602718	0.5048	0.01958
hsa-miR-766-3p	2507	216.9	0.217851096811131	0.5014	0.01963
hsa-miR-1292-3p	228	219.7	0.369606070031838	0.5119	0.02024
hsa-miR-190b-5p	380	220.9	0.278579550458423	0.5139	0.02051
hsa-miR-4690-5p	1317	222.1	0.337996463515016	0.5156	0.02077
hsa-miR-30c-1-3p	576	223.7	0.357270475679559	0.5193	0.02112
hsa-miR-671-5p	2091	223.9	0.24000896473507	0.5155	0.02116
hsa-miR-503-3p	1572	226.9	0.267835392097615	0.5273	0.02184
hsa-miR-6511b-5p	2043	227.8	0.264236151043547	0.5273	0.02204
hsa-miR-196a-5p	406	227.9	0.263034405833794	0.5228	0.02204
hsa-miR-3909	914	227.9	0.31150311546827	0.5182	0.02205
hsa-miR-4726-5p	1378	230.1	0.217851096811131	0.5256	0.02256
hsa-miR-619-5p	1976	230.3	0.331131922217202	0.522	0.0226
hsa-miR-19b-1-5p	421	230.9	0.246104009883917	0.5208	0.02274
hsa-miR-4700-5p	1334	231.2	0.217851096811131	0.5177	0.02281
hsa-miR-26a-1-3p	521	231.8	0.225274929869569	0.5164	0.02294
hsa-miR-760	2502	233.8	0.295135249000818	0.5226	0.02341
hsa-miR-6515-5p	2052	241.7	0.233888060174277	0.5595	0.02528
hsa-miR-34a-5p	753	241.9	0.222804561045261	0.5558	0.02532
hsa-miR-4707-3p1	1343	242.9	-0.144329165559629	0.5567	0.02557
hsa-miR-4646-5p	1246	244.1	0.327687364176047	0.5584	0.02586
hsa-miR-7-1-3p	2467	244.3	0.292781749227846	0.555	0.02591
hsa-miR-193a-5p	397	244.5	0.22650852980868	0.5517	0.02597
hsa-miR-218-5p	481	244.7	0.227741075839128	0.5484	0.02602
hsa-miR-1285-5p	217	244.8	0.11503324294624	0.5445	0.02604
hsa-miR-132-5p	262	244.9	0.183962834842595	0.5407	0.02606
hsa-miR-29c-5p	546	245.3	0.227741075839128	0.5385	0.02615
hsa-miR-4742-5p	1403	246.4	0.221567788538409	0.5402	0.02644
hsa-miR-1301-3p	242	248.5	0.221567788538409	0.5465	0.02696
hsa-miR-22-3p	493	250.6	0.215367972203479	0.5529	0.02748
hsa-miR-3143	623	251.9	0.206643223983395	0.5553	0.0278
hsa-miR-146b-5p	303	253.8	0.279768421593595	0.5606	0.02828
hsa-miR-6511a-5p	2041	254.4	0.326537348139952	0.5598	0.02845
hsa-miR-659-5p	2071	256.1	0.296310560708092	0.5639	0.02888
hsa-miR-877-3p	2588	256.9	0.289244285156642	0.564	0.02909
hsa-miR-2110	454	258.9	0.253384235800074	0.57	0.02962
hsa-miR-5690	1853	262.4	0.195347598322219	0.5837	0.03055
hsa-miR-3135a	611	263.3	0.279768421593595	0.5841	0.03079
hsa-miR-3150a-5p	633	264.6	0.298658315564515	0.586	0.03111
hsa-miR-199a-5p	416	266.2	0.200378797984026	0.5902	0.03155
hsa-miR-1260b	179	266.4	0.283329168051641	0.5872	0.03161
hsa-miR-106b-5p	62	269.7	0.249748715083569	0.5993	0.03249
hsa-miR-1289	223	272.1	0.27500704749987	0.6077	0.03318
hsa-miR-3133	609	272.6	0.206643223983395	0.6061	0.03332
hsa-miR-34c-3p	756	273.9	0.288063200325316	0.6082	0.03366
hsa-miR-3928-3p	938	273.9	0.169925001442312	0.6043	0.03367
hsa-miR-577	1886	275.2	0.185232254230161	0.6065	0.03402
hsa-miR-200b-5p	427	275.8	0.222804561045261	0.6054	0.03419
hsa-miR-500b-5p	1563	276.2	0.296310560708092	0.6034	0.0343
hsa-miR-542-3p	1698	279	0.298658315564515	0.6135	0.03511
hsa-miR-186-5p	364	280.4	0.185232254230161	0.6162	0.0355
hsa-miR-499b-3p	1540	282.4	0.190298791626595	0.6222	0.03607
hsa-miR-200a-5p	425	282.8	0.269033146455237	0.6203	0.0362
hsa-miR-629-3p	1990	283.7	0.277389698810864	0.6207	0.03646
hsa-miR-1294	231	284.4	0.14535138557262	0.62	0.03665
hsa-miR-4717-3p	1362	284.9	0.283329168051641	0.6189	0.03682
hsa-miR-7974	2535	286.5	0.171206827418142	0.6226	0.03727
hsa-miR-126-3p	183	288.4	0.154453592679872	0.6279	0.03783
hsa-miR-103a-3p	45	289.7	0.166072675946706	0.6305	0.03822
hsa-miR-3605-5p	761	289.7	0.297484915710575	0.6267	0.03822
hsa-miR-187-3p	365	291.4	0.175045486110914	0.6308	0.03871
hsa-miR-98-5p	2643	293.3	0.133563525741106	0.6366	0.03931
hsa-miR-130b-5p	256	298.7	0.168642035558839	0.6589	0.04094
hsa-miR-3685	842	301.8	0.24000896473507	0.6702	0.04189
hsa-miR-301b-5p	551	303	0.24731993497982	0.6721	0.04226
hsa-miR-3127-3p	600	304	0.15704371014558	0.673	0.04257
hsa-miR-10b-5p	67	305.8	0.149259365499623	0.6782	0.04315
hsa-miR-378g	897	310	0.235114320376357	0.695	0.04449
hsa-miR-193b-5p	399	315.8	0.0482361856528476	0.7198	0.04634
hsa-miR-3175	669	315.9	0.154453592679872	0.7161	0.04637
hsa-miR-6800-5p	2259	316.6	0.278579550458423	0.7156	0.04661
hsa-miR-423-3p	975	317.4	0.134878054343112	0.7155	0.04688
hsa-miR-877-5p	2589	317.6	0.202887833470143	0.7125	0.04694
hsa-miR-651-5p	2053	319.1	-0.050203631376794	0.7155	0.04741
hsa-miR-410-3p	967	320.5	0.160920188181103	0.7185	0.04788
hsa-let-7e-5p	11	321	0.158337027167101	0.717	0.04805
hsa-miR-664b-3p	2080	321.4	-0.0059272087657116	0.7152	0.0482
hsa-miR-486-5p	1511	322	0.142740172116082	0.7139	0.04838
hsa-let-7i-3p	17	322.6	0.0412429822318813	0.7129	0.04858
hsa-miR-28-5p	531	325.9	0.272620454662992	0.7254	0.04971
