M8R1	M8R2	M8R3	M24R1	M24R2	M24R3
hsa-let-7a-5p	-0.0186796945395997	0.295769961562	-0.112606887150999	-0.478738364201199	0.548985472759901	0.295769961562
hsa-let-7b-3p	-0.141488447719235	-0.139655564473565	0.0371620212665151	-0.383695455619525	-0.213902472276465	-0.114595939879475
hsa-let-7c-5p	0.244584189434587	-0.132278429085694	0.127863349870516	-0.249056679846953	0.362571852999286	0.269472519286866
hsa-let-7d-3p	0.137611979716077	-0.356858140360513	0.0120001902292071	-0.0451669360602942	-0.427636448094123	-0.149061937044324
hsa-let-7d-5p	0.11544016349244	-0.135636715166349	0.0834135958154096	-0.2245819864357	0.16717436919274	0.11544016349244
hsa-let-7e-5p	-0.134237557832233	0.0720582893504673	0.0334974449014673	-0.134237557832233	0.304802381802567	0.212536413897167
hsa-let-7f-1-3p	-0.243596438734935	0.0733625562243749	0.271677375661615	0.127161686273275	0.355673339223875	0.0902154512718547
hsa-let-7g-3p	0	0	0.171008687651392	0.469141936297292	0.387587490732502	0.954733517030052
hsa-let-7i-3p	0.366635747585078	-1.34246120255911	-0.387727685529061	0.246091383675148	0.404068255591318	0.265382139337139
hsa-miR-100-3p	-0.216389153299191	-0.216389153299191	-0.216389153299191	-0.216389153299191	-0.216389153299191	-0.216389153299191
hsa-miR-101-3p	-0.750717897442857	0.227245206595613	-0.682886179838217	0.723032329998863	-0.0854581783280972	-0.119499529913097
hsa-miR-10392-5p	-0.875593603394612	-0.12003180351078	0.20978323290113	-0.40645166709732	-0.15582009124369	-0.42021988886329
hsa-miR-10395-3p	-0.122208577767467	0.896167704964203	-0.223462186015407	-0.476595031285317	-0.373127137056077	-0.223462186015407
hsa-miR-10399-3p	-0.229623642760337	-0.426119236452397	-0.221344321069127	0.112662908009623	-0.436043714151277	-0.221344321069127
hsa-miR-10399-5p	0.694169651367829	1.85704470044229	0.62200888581634	0.62200888581634	0.968585540552779	0.62200888581634
hsa-miR-103a-2-5p	-0.636530054843436	-0.636530054843436	-0.465521367192044	-0.167388118546144	-0.636530054843436	-0.181156340312114
hsa-miR-103a-3p	-0.215968059086517	0.0825278188253833	0.0825278188253833	0.0825278188253833	0.237654488930584	0.337941645721683
hsa-miR-10401-3p	0.00376572073791825	-0.949769429522442	-0.619954393110532	-0.350620732779932	-1.70533122940627	-0.0974878875100216
hsa-miR-10523-5p	-0.735165422104653	0.0203963777791789	-0.0816089934755111	-0.735165422104653	-0.347577931372151	-0.279791707573331
hsa-miR-10526-3p	0.794380927356717	0.511686441044107	0.170660813508267	-0.445574086490183	-0.527128532054973	0.439994473838867
hsa-miR-106a-5p	0.301155457814189	0.0298229751164785	-0.554730137115961	0.228994692262699	0.732439566088228	-0.725738824767353
hsa-miR-106b-5p	-0.246190915992112	0.591470429805218	-0.316701637390902	0.940281921318988	0.150120793468148	0.0121660235946779
hsa-miR-10b-5p	-0.303770024341045	0.475706049666045	0.136693085771785	0.411996477177865	0.319137571350545	0.190931396497765
hsa-miR-11399	-0.0990831890727712	0.0944992820536588	-0.490053830178781	0.693647978796169	-0.273475027097671	-0.661062517830173
hsa-miR-11401	-0.597660501283113	-0.597660501283113	-0.426651813631721	-0.597660501283113	-0.210073010550611	-0.142286786751791
hsa-miR-1183	0	0	0.653556428629142	0	0	0
hsa-miR-12114	-0.264935870069401	-0.264935870069401	-0.264935870069401	-0.264935870069401	-0.264935870069401	-0.264935870069401
hsa-miR-12136	-0.62749180192555	-0.62749180192555	-0.62749180192555	-0.158349865628258	-0.239904311193048	0.327241715104502
hsa-miR-122-5p	0.671365553681062	0.673198436926731	0.441854051083202	-0.638676957731318	-0.252728051440168	0.341445523236712
hsa-miR-1226-3p	0.164360964189753	-0.106971518507957	-0.691524630740397	-0.862533318391789	-0.474945827659287	-0.407159603860467
hsa-miR-1226-5p	-0.249419605648828	-0.249419605648828	-0.249419605648828	1.10529089097751	0.138167885083674	0.205954108882494
hsa-miR-1246	-0.190273164894852	0.626940777760648	1.16112029264784	-0.173333921760262	0.681623356080078	-0.291526773142792
hsa-miR-1249-3p	1.51021970256352	0.460512379483945	0.337271776363915	-0.0443005527243447	0.059167341504895	0.208832292545565
hsa-miR-1250-5p	-0.117032929382432	-0.117032929382432	-0.117032929382432	-0.117032929382432	-0.117032929382432	0.33834078514889
hsa-miR-1255a	-0.432892223313336	0.864651876763894	0.875791804905474	0.731164641208044	0.751657906079694	0.359838944555604
hsa-miR-1257	0.568185475458135	0.778228008122035	-0.0118000589630549	-0.793349367647605	-0.00155342652722501	-0.140239542781405
hsa-miR-125a-3p	0.354927692694344	0.371486336076774	0.158432099002283	0.00727662307915367	0.470089405312534	-0.0426194715694166
hsa-miR-125b-1-3p	-0.162896777116707	-0.256326128236207	0.409464584208473	-0.692504986162078	0.331573342959883	0.289322008971553
hsa-miR-125b-2-3p	0.553601500919081	-0.473292781662461	0.180263646966681	-0.473292781662461	0.481440735367591	-0.0179190671311389
hsa-miR-125b-5p	0.0438722318161666	-0.0512969157482335	-0.0512969157482335	-0.0512969157482335	-0.158953910043333	-0.158953910043333
hsa-miR-1260a	0.561979328757402	0	0	0	0.387587490732502	0
hsa-miR-1260b	-0.121831411552075	-0.578576342853235	0.119766232530345	0.196744548326535	-0.278555329083505	0.042006765654985
hsa-miR-1262	-0.475732212424768	0.388690922649412	0.832951815794042	-0.568569604884878	-0.0829780241521179	1.12183290142219
hsa-miR-126-3p	-0.234005594140632	-0.105325273917362	0.523710398167468	-0.340390011327042	0.714461136361268	0.757869537444988
hsa-miR-126-5p	-0.340831489157954	-0.340831489157954	-0.169822801506562	-0.340831489157954	-0.340831489157954	-0.340831489157954
hsa-miR-1266-5p	-0.924551392821167	-0.730968921694737	-0.531797204548516	-0.531797204548516	0.519166511656084	-0.131820224952226
hsa-miR-1267	0	0	0.171008687651392	0.469141936297292	0	0.954733517030052
hsa-miR-1268b	-0.10892607143819	-0.10892607143819	0.0620826162132017	-0.10892607143819	0.278661419294312	1.24578442518815
hsa-miR-1269a	0.216537516939038	1.84432751983764	0.609291705211688	1.2431107744159	0.609291705211688	1.00926868480798
hsa-miR-1273c	-0.724326973198203	-0.724326973198203	-0.553318285546811	0.230406543831849	-0.336739482465701	-0.724326973198203
hsa-miR-127-3p	0.594940700920243	0.745367179610683	-0.0287794129282066	0.980001381827753	0.344022141631633	-0.159422732193897
hsa-miR-1276	1.03189437516699	1.08096065201322	1.00926868480798	1.00926868480798	1.11273657903722	0.609291705211688
hsa-miR-1278	0.312559723108574	-0.249419605648828	-0.0784109179974357	-0.249419605648828	-0.249419605648828	-0.249419605648828
hsa-miR-128-1-5p	0.358738548585015	-0.579277671262425	-0.017319693246705	-0.671906584123885	-0.627526369184785	-1.14720646153393
hsa-miR-1283	-0.959925183028894	-0.959925183028894	0.776357642685708	-0.00519166599884224	-0.240151670877972	0.394785313597448
hsa-miR-128-3p	0.105239749150842	-0.354828540061847	0.368242264765863	-0.395499152243877	0.368242264765863	0.284966097918412
hsa-miR-1284	0.209928527448074	-0.352050801309328	-0.352050801309328	-0.352050801309328	0.0355366894231743	-0.352050801309328
hsa-miR-1285-3p	1.16540466841605	-0.23857797430448	0.74214305152629	0.36057072243803	-0.0394062571582596	0.36057072243803
hsa-miR-1285-5p	0.308627022542947	0.790814264392227	-0.113975647412353	-0.113975647412353	0.677820293708027	0.539134177453847
hsa-miR-1287-3p	0	0	0.171008687651392	0.954733517030052	0.387587490732502	0
hsa-miR-1287-5p	-0.0199547296509852	-0.339130716289725	0.101178498795704	-0.199455374057986	-0.0919416249682259	0.248301248054265
hsa-miR-1289	0.370169490844773	0.563751961971203	-0.191809837912629	0.277332098384663	0.762923679117423	0.263563876618693
hsa-miR-1291	0.870035479788425	-1.40847371836094	-0.705857127389185	-0.809325021618425	-0.0044910756404053	-1.70866180371345
hsa-miR-129-2-3p	-0.589132384248425	0.166429415635407	-0.418123696597033	0.765578112377917	-0.589132384248425	-0.589132384248425
hsa-miR-1292-3p	-0.371623108647394	-0.371623108647394	-0.371623108647394	0.0975188276498977	0.0159643820851076	0.983087387978948
hsa-miR-1292-5p	-0.374869851640202	-0.917465129842502	0.0945801304957978	-0.237707486977702	-0.627127924155652	-0.947690018894142
hsa-miR-1293	0.692823280729497	-1.01627366941469	0.0691031668810473	-0.547131733117403	-0.0615401523846426	-0.0615401523846426
hsa-miR-1294	0.787494650380302	0.208199880977232	-0.263469065824298	0.370350003379912	-0.263469065824298	-0.263469065824298
hsa-miR-1295a	-0.0758956190885537	-0.0758956190885537	0.0951130685628383	-0.0758956190885537	0.311691871643948	-0.0758956190885537
hsa-miR-129-5p	-0.331210594148641	-0.149748669758881	0.40978032433951	-0.0142349900450807	-0.402749518314061	-0.0142349900450807
hsa-miR-1299	1.2002143244419	-1.11605403569389	0.238656460932452	0.238656460932452	0.342124355161692	0.743469393140742
hsa-miR-1301-3p	0.433615912345473	-1.04210420872183	0.199219109926013	-0.00566718436006663	-0.189894446722497	0.969067084433684
hsa-miR-1303	0.37574011777738	-0.277437742040189	0.13810612551812	-0.119860759197939	-0.119860759197939	0.293993092338041
hsa-miR-1304-3p	0.407073399270041	-0.149258259452748	0.278964834985482	0.0225950310196721	-0.264169427448418	-0.390909467698978
hsa-miR-1304-5p	-0.128707327040821	0.064875144085609	0.394690180497519	0.264046861231829	-0.303099165065721	0.264046861231829
hsa-miR-1307-3p	0.189979136028066	-0.156794835701334	0.0495010114813663	-0.225921668631734	-0.0455697519778333	0.107596867794266
hsa-miR-1307-5p	0.218035385392316	0.411617856518746	-0.343943943365086	-0.343943943365086	0.610789573664966	-0.343943943365086
hsa-miR-130a-5p	-0.148226930426078	0.810778388929732	-0.887099656013938	0.193688571735352	-0.564323180148588	0.115162859657362
hsa-miR-130b-5p	0.241025772191731	-0.105643829419538	0.241025772191731	-0.658012864551788	0.370488928119322	0.547905665338911
hsa-miR-132-3p	-0.0998087169382567	0.971588377599914	0.346040347790174	-0.407293381847266	0.0405810956553934	-0.162820576750146
hsa-miR-132-5p	-0.321670801395713	0.246257988875787	0.609477432303887	-0.164946883864283	0.356476583748706	0.0997782271190468
hsa-miR-1343-3p	0.416294550837727	-0.833840882513093	0.146880143317677	-1.58940268239693	0.570141760207437	0.404089201873516
hsa-miR-135b-3p	0.497381413635318	-0.0645979151220837	-0.0645979151220837	1.29011258150426	0.655175597028838	-0.0645979151220837
hsa-miR-135b-5p	-0.0457817741187279	-0.60776110287613	0.346972414153922	-0.138619166578838	1.00008223902012	-0.152387388344808
hsa-miR-138-1-3p	0.890974183645634	0.170596400012603	0.617468189155313	0.201566353287153	0.381066997694154	0.457999480181323
hsa-miR-139-3p	0.293339017599765	-0.020168448560355	-0.431636589910815	-0.164684137948695	-0.157267516136095	0.193309114746485
hsa-miR-1-3p	-0.117032929382432	-0.117032929382432	-0.117032929382432	0.35210900691486	-0.117032929382432	-0.117032929382432
hsa-miR-140-3p	-0.0430001026412494	0.0150957536716501	-0.19637240889865	0.45127669175945	-0.44736567000975	-0.19637240889865
hsa-miR-140-5p	-0.396694778605084	0.0839776029067267	0.282677985030157	0.377807413031996	0.475201742369847	0.803439023164926
hsa-miR-142-3p	-0.0758956190885537	-0.0758956190885537	-0.0758956190885537	-0.0758956190885537	-0.0758956190885537	-0.0758956190885537
hsa-miR-143-3p	0.0367867952703449	0.557400454835385	-0.361067096068055	0.817150982536555	-0.222380979813875	-1.01417692093426
hsa-miR-145-3p	-0.0645979151220837	-0.0645979151220837	-0.0645979151220837	-0.0645979151220837	-0.0645979151220837	0.390775799409238
hsa-miR-145-5p	-0.235017871926896	-0.235017871926896	-0.0640091842755037	0.719715645103156	0.152569618805606	-0.235017871926896
hsa-miR-1468-5p	0.805846980111992	0.989919078533342	0.670813103853552	0.154860243503682	0.101459918643832	-0.245116736092608
hsa-miR-146a-5p	-0.155816829460454	0.037649327828337	-0.155816829460454	0.157791903065258	0.267438365623846	0.142193251081467
hsa-miR-146b-3p	0.457339787700443	-0.496195362559917	1.06451119769204	0.102953334182593	0.0495530093227434	-0.297023645413697
hsa-miR-146b-5p	-0.0500260422637737	-0.142959121997364	0.0295235844783965	0.0295235844783965	0.481602641129527	0.481602641129527
hsa-miR-147b-3p	0.390850000605662	-0.562685149654698	-0.664690520909388	0.0364635470878119	0.289596392357722	0.289596392357722
hsa-miR-147b-5p	-0.376631528439373	0.378930271444459	-0.205622840787981	-0.376631528439373	0.924678643327119	-0.376631528439373
hsa-miR-148a-3p	-0.922056395110701	-0.0239169427397599	0.890638662808239	-0.55474063824246	0.48119209276874	1.00532091596344
hsa-miR-148a-5p	-0.83563893299025	0.0274704663255996	0.17662980687508	-0.40601040828476	-0.13691089254471	0.39859377802206
hsa-miR-148b-3p	-0.210656868982182	0.0251038472027183	-0.283611806927283	0.125391003993817	-0.130022822902482	-0.210656868982182
hsa-miR-148b-5p	-0.55094204947201	-0.0303283899069702	0.00122672151155001	-0.0730401409253902	-0.24037092257087	-0.0765327453638101
hsa-miR-149-3p	-0.267705457001182	-0.267705457001182	-0.267705457001182	-0.267705457001182	0.45206805514974	-0.267705457001182
hsa-miR-149-5p	0.180157903479453	-0.227205335447427	0.145347453583363	-0.0352606186280369	-0.399539213280917	-0.292527583440036
hsa-miR-151a-5p	-0.278843679444709	0.315528131853541	-0.407523999667979	0.128587487365581	-0.350211585462879	-0.159579256699579
hsa-miR-151b	-0.425169598070928	1.28818689124768	-0.717128948760538	-0.0764695917774985	-0.501195613289788	0.357038657548082
hsa-miR-152-5p	-0.500556195402333	-0.500556195402333	0.957622195453249	1.22547999787645	0.219217316748589	-0.500556195402333
hsa-miR-1538	0.43664318777476	0.16531070507705	1.01759224708947	0.36448242222327	-0.590251094806782	-0.590251094806782
hsa-miR-15a-5p	-0.308205930835036	-0.259139653988806	-0.730808600790336	-1.2164001815231	0.630726242315404	0.173981311014244
hsa-miR-15b-3p	-0.103581576813593	0.504382242802476	-0.255339537959584	0.250168925034637	0.00493774095068655	-0.903249889654344
hsa-miR-15b-5p	0.103363815248477	-0.126991497471863	-0.126991497471863	0.332836668305868	-0.358289987102204	0.103363815248477
hsa-miR-16-2-3p	-0.00741948207872323	0.111360868375867	0.613259691367137	-0.407021188937193	0.953392465865927	0.557108994649337
hsa-miR-16-5p	-0.572755220098217	0.279639421398903	-0.572755220098217	0.175447041266463	0.258678055070403	-0.315183633577787
hsa-miR-17-3p	0.229333089358786	-0.332646239398616	0.752730596897126	0.622087277631436	0.968663932367876	0.122727475132706
hsa-miR-181a-2-3p	0.292240884662231	0.0478183018901603	-0.253407252545529	-0.159977901426029	-0.159977901426029	-0.461106794135809
hsa-miR-181a-3p	0.0396536687825666	0.295933619049967	-0.128219116954234	0.295933619049967	-0.301658900550533	-0.249715330805135
hsa-miR-181a-5p	0.224595234470033	0.109783772661633	-0.141209488449467	0.109783772661633	-0.377563634395267	-0.141209488449467
hsa-miR-181b-2-3p	0.33818076898188	-0.223798559775522	-0.223798559775522	-0.223798559775522	-0.223798559775522	-0.223798559775522
hsa-miR-181b-3p	-1.07628577329342	-0.21186263821924	-0.03042176015457	-0.68353158502077	0.10826435609961	0.35522678221962
hsa-miR-181c-3p	0.0730298149728386	0.350731521735028	-0.823684039968662	-0.150064180433032	-0.301822141579022	-0.150064180433032
hsa-miR-181c-5p	0.176898075098437	0.370480546224867	-0.385081253658964	0.0840606826383277	-0.385081253658964	0.0702924608723576
hsa-miR-181d-5p	-0.921318214554879	0.0518446362009115	-0.921318214554879	-0.753987432909399	0.262804533574871	-1.62974323279442
hsa-miR-183-3p	-0.841890844756777	-1.40387017351418	-0.750313744885037	0.322166019764603	0.0543082173414033	-0.0491596768878364
hsa-miR-183-5p	0.0465700278848917	-0.128696333963957	0.0465700278848917	-0.0282919825378567	0.117382845361593	-0.0282919825378567
hsa-miR-184	0.917968211143352	-0.10892607143819	0.544630357190952	0.845807445591862	-0.10892607143819	0.346447643093132
hsa-miR-185-3p	0.110480564880702	-0.939226758198868	0.375938452832722	-0.163905867019098	0.0389416407152816	0.363242947530292
hsa-miR-185-5p	-0.141372611557968	-0.467856315086308	0.178091801872392	-0.488256402235268	0.605792250191252	0.294739522371742
hsa-miR-186-5p	0.0986113750505337	0.270519394507254	0.0588446739646136	0.202893967932043	0.311202048116693	0.0986113750505337
hsa-miR-187-3p	-0.0758956190885537	-0.0758956190885537	-0.0758956190885537	0.878837897941498	-0.0758956190885537	-0.0758956190885537
hsa-miR-18a-3p	0.030103923377502	0.347455876966522	-0.256275519518208	-0.172539478382099	-0.151188202011748	-0.419728569703598
hsa-miR-18a-5p	-0.807170063219979	-0.613587592093549	-0.414415874947328	-0.0144388953510384	0.238693949918872	0.490374036857252
hsa-miR-1908-3p	-0.332724631213713	0.422837168670119	-0.161715943562321	-0.332724631213713	0.62200888581634	0.62200888581634
hsa-miR-1909-3p	-0.280916048731389	-0.842895377488791	0.111838139541261	0.111838139541261	-0.842895377488791	0.111838139541261
hsa-miR-1909-5p	-0.290556915942706	-0.290556915942706	-0.290556915942706	0.178585020354586	-0.290556915942706	-0.290556915942706
hsa-miR-190b-5p	0	0	0	0	0.387587490732502	0.455373714531322
hsa-miR-1910-5p	-0.73042753924286	0.0251342606409719	0.224305977787192	0.224305977787192	-0.010654027091938	0.877415802653392
hsa-miR-191-3p	0.610986908707818	-0.563560660490741	-0.429592205054932	-0.106815729189581	-0.676554631174942	-0.815240747429121
hsa-miR-1914-3p	0.561979328757402	0	0.171008687651392	0	0	0
hsa-miR-1914-5p	0.24411012089343	-0.782784161688112	-0.61177547403672	-0.31364222539082	-0.782784161688112	-0.32741044715679
hsa-miR-193a-5p	0.331197796966875	0.0437947167981552	0.277596665915035	-0.120586642072155	0.139690636838115	0.0747646700727049
hsa-miR-193b-3p	0.385391074361462	0.072486617544822	0.0930828079785115	0.605695072075972	-0.716653766401318	-0.531864520091609
hsa-miR-193b-5p	0.643247408362548	-0.410456665148722	0.842365405973198	0.949202291520558	-0.0903296708298718	-0.229015787084052
hsa-miR-194-3p	0.108495071366425	0.590682313215705	0.339002226277325	0.0858693810074151	0.920928216037075	-0.813467401087605
hsa-miR-194-5p	-0.437290599427863	-0.563789627907653	-0.583294763876934	0.320721152456076	0.421129680302567	0.242195440378087
hsa-miR-195-3p	0.986521150751122	0.600871620499712	0.799572002623142	0.894701430624982	-0.130719320300708	-0.634164194126238
hsa-miR-195-5p	0.0631442973194625	0.256726768445892	0.154721397191202	-0.498835031437939	0.220938480712983	-0.0434613169066174
hsa-miR-196a-5p	0.561979328757402	0	0.171008687651392	0	0.387587490732502	0.455373714531322
hsa-miR-197-5p	-0.844276843256304	-0.844276843256304	-0.190720414627162	-0.844276843256304	0.457033328510188	-0.388903128724982
hsa-miR-199a-3p	-0.151791238177107	0.603770561706725	0.0192174494742847	0.317350698120185	0.802942278852945	0.303582476354215
hsa-miR-199a-5p	-0.325315224737381	-0.325315224737381	-0.154306537085989	0.143826711559911	0.394458287413541	0.130058489793941
hsa-miR-199b-3p	-0.151791238177107	0.603770561706725	0.0192174494742847	0.317350698120185	0.802942278852945	0.303582476354215
hsa-miR-199b-5p	-0.257526463593069	0.498035336290763	-0.0865177759416773	-0.257526463593069	-0.257526463593069	-0.257526463593069
hsa-miR-19a-3p	-0.0758956190885537	-0.0758956190885537	-0.0758956190885537	-0.0758956190885537	-0.0758956190885537	-0.0758956190885537
hsa-miR-19b-1-5p	0	0.755561799883832	0.171008687651392	0.469141936297292	0.387587490732502	0
hsa-miR-19b-3p	-0.792606921116727	0.370268127957734	-0.464790707071927	0.496767156437524	-0.211657861802017	0.0400222251363633
hsa-miR-200a-3p	0.342222037838263	0.862835697403303	-0.308764698770047	0.652793164739403	0.816631341946463	0.652793164739403
hsa-miR-200a-5p	0.72250454814163	0.72250454814163	0.29292109447969	-0.21391308419327	0.49941055273576	0.543003903734629
hsa-miR-200b-5p	0.694045822939424	0.844472301629864	0.443127263650813	0.710985066074014	0.286259044561724	0.592792214691484
hsa-miR-203a-3p	-0.204948277607727	1.22145418622385	-0.0339395899563351	0.264193658689565	0.182639213124775	0.749785239422325
hsa-miR-204-3p	0.33818076898188	1.96597077188048	0.42975786885362	-0.223798559775522	0.16378893095698	-0.223798559775522
hsa-miR-204-5p	0.234384279836134	-0.236977914690576	0.0494321110659541	-0.621847738900776	0.304001293179843	0.415843128829524
hsa-miR-205-5p	-0.0758956190885537	-0.0758956190885537	-0.0758956190885537	-0.0758956190885537	-0.0758956190885537	-0.0758956190885537
hsa-miR-20a-3p	0.561979328757402	0	0	0	0.387587490732502	0
hsa-miR-20a-5p	-0.499292231655292	0.364014666206169	-0.401530105290392	0.293896967461238	0.594365251182339	0.465947193749978
hsa-miR-20b-5p	-0.556597807227346	0.198963992656486	0.0969586214017959	-0.0874558709300539	0.398135709802706	-0.556597807227346
hsa-miR-210-3p	-0.167559417814306	0.266190555174384	-0.261004203677326	0.344696089218713	-0.167559417814306	-0.333625752206737
hsa-miR-210-5p	-0.397777041390449	-1.40982230172875	-0.0167410219349184	0.283285455958121	-0.761899805635969	0.601348991426762
hsa-miR-2110	-0.0500578653049768	-1.49470467608115	0.0221330482779836	0.379729606622683	-0.079487695148357	-0.444997353001577
hsa-miR-212-3p	-0.449757560596145	-0.449757560596145	0.635619275699597	-0.449757560596145	-0.0621700698636427	0.00561615393517734
hsa-miR-212-5p	0.172707547809804	-0.284037383491357	-0.272897455349776	-0.417524619047207	0.172707547809804	0.437432658793134
hsa-miR-21-3p	-0.213004530167481	0.465385542802909	-1.0091052348764	0.477829707729049	-0.195672599774191	-0.388596137929311
hsa-miR-215-5p	-0.873024303884626	0.553378159946956	-0.702015616233234	-0.403882367587334	0.428285867881866	0.0817092131454258
hsa-miR-21-5p	-0.408781875004783	0.153573292977917	-0.408781875004783	0.383284800534918	0.383284800534918	-0.0536548630280826
hsa-miR-216a-3p	0.561979328757402	0.755561799883832	0.171008687651392	0	0	0
hsa-miR-216b-5p	0.209928527448074	-0.352050801309328	-0.181042113657936	-0.352050801309328	-0.352050801309328	-0.352050801309328
hsa-miR-217-5p	-0.608879813434487	0.146681986449345	-0.608879813434487	0.345853703595565	-0.221292322701985	-0.608879813434487
hsa-miR-218-5p	-0.835394164847963	0.628355080448057	-0.0488254262343633	0.165542298214677	0.768656838689197	0.565662727709367
hsa-miR-219a-1-3p	0.30289964429463	-0.41656177596357	0.88043751259739	0.17973031288129	0.34726250110865	0.30289964429463
hsa-miR-219a-5p	-0.0758956190885537	-0.0758956190885537	-0.0758956190885537	-0.0758956190885537	-0.0758956190885537	-0.0758956190885537
hsa-miR-219b-5p	1.04139199525679	0.758697508944184	1.0685778708272	-0.198563018590106	-0.280117464154896	0.287028562142654
hsa-miR-222-5p	-0.832645363465484	0.0958208128701363	0.234995412704627	-0.778921339510293	0.156660998721616	-0.238297995985923
hsa-miR-22-3p	-0.123722830105147	-0.240671085920857	-0.198199236354357	-0.0861811712609573	0.751769620632873	0.110028231632803
hsa-miR-224-3p	0.438386145306399	0.167053662608689	0.0650482913539989	1.00004444895912	-0.588508137275143	-0.588508137275143
hsa-miR-224-5p	0.1760628645208	0.0603040508188002	0.0603040508188002	-0.241145520729699	0.229048945956901	0.124119294775401
hsa-miR-22-5p	-0.00106143854467788	-0.182353563933928	-0.145863837799219	-0.354811940392908	-0.131717944987038	-0.235679928458778
hsa-miR-2276-3p	0.579704649294829	0.308372166597119	-0.276180945635321	0.0219523030105795	-0.447189633286713	-0.447189633286713
hsa-miR-2277-3p	0.842072592054798	-0.184821690526744	0.468734738102398	0.769911826503308	0.534951821624178	-0.184821690526744
hsa-miR-2277-5p	0.339982191561115	-0.799196368362495	0.297720434870885	0.105585389141654	0.257343350287645	0.257343350287645
hsa-miR-2278	-0.191809837912629	-0.191809837912629	-0.191809837912629	0.277332098384663	1.10950033385386	0.263563876618693
hsa-miR-23a-5p	-0.0108084135349915	0.801624731135659	0.605347283750098	0.337891592758438	0.617552632714308	0.771399842084018
hsa-miR-23b-3p	-0.0428769784599918	-0.0428769784599918	-0.188551806359442	0.158591370869708	-0.188551806359442	-0.113689795936693
hsa-miR-23c	0.805375123390641	0.183600736289121	-0.400952375943319	0.782749433031631	-0.571961063594711	0.382772453435341
hsa-miR-24-1-5p	-0.276891038328898	-0.8388703670863	-0.8388703670863	-0.8388703670863	0.115863149943752	-0.8388703670863
hsa-miR-24-2-5p	0.259617078634943	-0.0807828953649365	0.0671276594826935	-0.444002338793037	0.478746098733454	0.132694667941903
hsa-miR-24-3p	-0.0824089906537822	-0.187338641835282	0.153973927497818	-0.187338641835282	0.505324641224417	0.153973927497818
hsa-miR-25-5p	0.245216812368324	0.124336077744654	0.285899465977764	-0.773684551404156	-0.270553347860517	-0.213240933655417
hsa-miR-2681-5p	-0.343943943365086	-0.343943943365086	-0.343943943365086	0.125197992932206	0.0436435473674159	-0.343943943365086
hsa-miR-2682-5p	-0.569265147029892	0.243167997640759	0.0468905502551982	-0.220565140736462	-0.200071875864812	0.0468905502551982
hsa-miR-26a-1-3p	0.22371576690888	0.41729823803531	0.61646995518153	0.13087837444877	0.0493239288839797	0.61646995518153
hsa-miR-26a-2-3p	-0.481103459828501	-0.481103459828501	0.172452968800641	-0.481103459828501	0.820206711937991	-0.025729745297179
hsa-miR-26b-3p	-1.39970736091659	-1.39970736091659	-0.314330524620847	-0.444973843886537	0.208135980979663	-0.944333646385267
hsa-miR-26b-5p	-0.676916032532008	0.474903591887632	-0.0197561945973384	-0.257987450405849	0.454924246004001	0.257485501815401
hsa-miR-27a-5p	-0.426733130718306	0.355296006989784	-0.0135623235999365	-0.445107071877697	0.194233879716252	-0.0616895879476473
hsa-miR-27b-3p	0.137923754983216	-0.401615767628785	-0.0130312751219837	0.137923754983216	-0.401615767628785	-0.0130312751219837
hsa-miR-27b-5p	0.127486959413289	0.163763708724459	0.521296590725159	-0.655534672357521	0.385377331087279	0.0297248330483884
hsa-miR-28-5p	-0.315759644325594	-0.0941544537116634	-0.0983720077060237	0.311472553725147	0.483017632979706	0.160817628764507
hsa-miR-296-5p	0.486083709668848	-0.0758956190885537	-0.0758956190885537	-0.0758956190885537	-0.0758956190885537	-0.0758956190885537
hsa-miR-29a-5p	0.768123582260393	-0.104717598763277	-0.878864191302167	1.11003908442182	0.389709881739543	-0.356397685701657
hsa-miR-29b-1-5p	-0.148516696373389	-1.29753309444922	-0.166069554062588	0.0621258622200616	0.0084290515775014	-0.142942087161678
hsa-miR-29b-2-5p	-0.313982232701912	0.168205009147368	-0.233140028831682	-0.736584902657212	-0.233140028831682	0.168205009147368
hsa-miR-29b-3p	-0.145293959899976	0.667139184770674	-0.869073718256186	0.203406046393454	0.0852131950109238	0.470861737385114
hsa-miR-29c-3p	-0.514355475718228	0.241206324165604	0.139200952910914	0.440378041311824	-0.126767984985726	-0.514355475718228
hsa-miR-29c-5p	-0.368005412896475	-0.574059129955085	0.138233208396815	0.330722627549065	-0.146776414026555	0.482480588695055
hsa-miR-301a-5p	0.178725442957782	-1.53037150718641	-0.175661010560068	-0.175661010560068	0.0774718347098418	0.0774718347098418
hsa-miR-301b-3p	0.561979328757402	0	0.171008687651392	0	0	0
hsa-miR-301b-5p	-0.352851218294696	-0.352851218294696	-0.352851218294696	-0.352851218294696	0.366922293856226	-0.352851218294696
hsa-miR-3064-5p	0.533059343729049	-0.0887150433724717	0.613901547599278	-0.375134906959012	0.110456673773748	-0.388903128724982
hsa-miR-3065-3p	0.262285149893326	-0.299694178864076	-0.299694178864076	0.169447757433216	0.655039338165976	-0.299694178864076
hsa-miR-3065-5p	0.0142127383856405	-1.0126815441959	0.59516179770035	0.342028952430441	0.99301568903875	0.84684188463873
hsa-miR-3074-3p	-0.117032929382432	-0.117032929382432	-0.117032929382432	0.83770058764762	0.83770058764762	-0.117032929382432
hsa-miR-30a-3p	-0.0025082291229328	0.252905597773367	0.152618440982268	-0.0831422752026327	0.252905597773367	0.152618440982268
hsa-miR-30a-5p	-0.129919880350133	0.236211596700066	-0.129919880350133	0.493752663624166	-0.129919880350133	-0.129919880350133
hsa-miR-30b-3p	-0.434787735691478	0.298045678570882	-0.0364661740776282	0.275194796224962	-0.847802720145408	-0.734808749461208
hsa-miR-30c-1-3p	0.463060594991578	0.843261053968959	0.463060594991578	0.858000082688178	0.134823314196499	0.463060594991578
hsa-miR-30c-2-3p	-0.0661836402708857	0.153695934420334	0.0434628222877027	0.231052230388373	-0.229016058824316	-0.229016058824316
hsa-miR-30d-3p	0.52302463379758	0.21358789867	0.000434576756779936	0.2673870287189	0.36318913545861	0.23044079371748
hsa-miR-30e-5p	-0.0533062822367185	0.121577603946231	-0.593074693381588	0.161203077715451	0.301629837632052	-0.557167658684459
hsa-miR-3120-3p	0.561979328757402	0	0.653556428629142	0	0.387587490732502	0.455373714531322
hsa-miR-3124-5p	-0.216389153299191	-0.216389153299191	-0.216389153299191	0.252752782998101	-0.216389153299191	0.738344363730861
hsa-miR-3127-3p	-0.184821690526744	-0.184821690526744	-0.013813002875352	-0.184821690526744	0.202765800205758	0.270552024004578
hsa-miR-3130-3p	-0.173523986560274	-0.173523986560274	-0.00251529890888191	-0.173523986560274	-0.173523986560274	-0.173523986560274
hsa-miR-3131	-0.56455165711838	-0.56455165711838	-0.56455165711838	-0.56455165711838	-0.56455165711838	-0.56455165711838
hsa-miR-3133	0.892745701356421	0.941811978202651	0.600786350666811	1.24144570764985	0.470143031401121	0.470143031401121
hsa-miR-3135a	0.33818076898188	-0.223798559775522	-0.223798559775522	0.73093495725453	-0.223798559775522	0.2315751547558
hsa-miR-3138	-0.878994903493748	0.980528525340884	0.579183487361834	0.847041289785034	0.422315268272744	0.0757386135363038
hsa-miR-3140-3p	0.561979328757402	0	0	0	0	0
hsa-miR-3140-5p	-0.0645979151220837	-0.0645979151220837	-0.0645979151220837	0.404544021175208	-0.0645979151220837	-0.0645979151220837
hsa-miR-3143	-0.140493534210637	-0.140493534210637	-0.140493534210637	-0.140493534210637	0.579279977940285	0.314880180320685
hsa-miR-3150a-5p	1.10612789187722	-0.271208295108135	0.382348133521007	0.683525221921917	-0.271208295108135	-0.271208295108135
hsa-miR-3152-3p	-0.10892607143819	-0.10892607143819	-0.10892607143819	-0.10892607143819	0.610847440712732	0.346447643093132
hsa-miR-3152-5p	-0.717135008824773	0.038426791059059	-0.717135008824773	0.237598508205279	-0.329547518092271	-0.261761294293451
hsa-miR-3157-3p	-0.223798559775522	-0.223798559775522	-0.223798559775522	-0.223798559775522	-0.223798559775522	-0.223798559775522
hsa-miR-3157-5p	-0.447597119551045	-0.447597119551045	-0.447597119551045	0.507136397479008	-0.447597119551045	-0.447597119551045
hsa-miR-3158-3p	-0.482734987414017	-0.660395199580797	-0.274152484087467	0.121291936206403	-0.664612753575157	-0.109680854286997
hsa-miR-3162-5p	-0.10892607143819	-0.10892607143819	-0.10892607143819	-0.10892607143819	-0.10892607143819	-0.10892607143819
hsa-miR-3170	-0.0645979151220837	-0.0645979151220837	0.588958513507058	-0.0645979151220837	0.322989575610418	-0.0645979151220837
hsa-miR-3175	0	0	0.653556428629142	0	0	0.455373714531322
hsa-miR-3176	-0.10892607143819	-0.10892607143819	0.0620826162132017	-0.10892607143819	-0.10892607143819	-0.10892607143819
hsa-miR-3177-3p	0.38487879525632	-1.32421815488787	0.13396023596771	-0.85507621859058	0.13396023596771	-0.36948463785782
hsa-miR-3180	0.290771033649267	-0.271208295108135	-0.271208295108135	0.197933641189157	0.116379195624367	0.184165419423187
hsa-miR-3180-3p	0.290771033649267	-0.271208295108135	-0.271208295108135	0.197933641189157	0.116379195624367	0.184165419423187
hsa-miR-3183	-0.194725033548957	-0.756704362306359	-0.585695674654967	-0.756704362306359	-0.756704362306359	-0.301330647775037
hsa-miR-3184-3p	-0.0758956190885537	-0.0758956190885537	-0.0758956190885537	-0.0758956190885537	-0.0758956190885537	-0.0758956190885537
hsa-miR-3187-3p	-0.817254695197343	-0.623672224070913	0.0789443669008367	0.714923607096957	0.367295434195687	0.228609317941507
hsa-miR-3187-5p	0.0124480607310373	0.206030531857467	0.104025160602777	-0.0803893317290725	-0.161943777293863	-0.0941575534950425
hsa-miR-3188	-0.10892607143819	-0.10892607143819	-0.10892607143819	-0.10892607143819	-0.10892607143819	-0.10892607143819
hsa-miR-3190-3p	0.305150316632243	0.498732787758673	0.396727416503983	-0.256829012125159	0.462944500025763	-0.256829012125159
hsa-miR-3191-3p	-0.147902940686969	-0.147902940686969	-0.147902940686969	-0.147902940686969	-0.147902940686969	0.307470773844353
hsa-miR-3193	0	0	0	1.35471049662634	0.387587490732502	0
hsa-miR-3198	-0.0758956190885537	-0.0758956190885537	-0.0758956190885537	-0.0758956190885537	-0.0758956190885537	-0.0758956190885537
hsa-miR-3199	0.486083709668848	-0.0758956190885537	-0.0758956190885537	0.393246317208738	-0.0758956190885537	-0.0758956190885537
hsa-miR-3200-3p	0.441970768449075	0.159276282136465	0.191052209160465	1.36771813831929	0.191052209160465	0.726365702575325
hsa-miR-3200-5p	0.561979328757402	0	0	0	0	0
hsa-miR-320c	0.407686073646542	0.614632859245512	0.099748731923512	0.397559879900932	0.0228162494363424	0.0157433030302521
hsa-miR-320d	-0.00171264687510631	0.574396849855824	0.185404354168183	0.165618134770373	-0.00171264687510631	0.162125530331954
hsa-miR-320e	1.02033297073341	0.130467074429199	1.02033297073341	0.798222241649319	0.162243001453199	0.311907952493869
hsa-miR-323b-3p	-0.0758956190885537	-0.0758956190885537	-0.0758956190885537	-0.0758956190885537	-0.0758956190885537	-0.0758956190885537
hsa-miR-32-3p	0.4015317345333	-0.55200341572706	-1.1365565279595	-0.35283169858084	0.69813201762376	-1.30756521561089
hsa-miR-324-3p	-0.157773395343762	0.0464450383716883	-0.490061012817261	0.0715046629657783	-0.879481449995211	-0.576405688728982
hsa-miR-324-5p	0.66794177356546	0.8183682522559	0.31355532004761	0.82950818039748	0.7053742815717	0.56668816531752
hsa-miR-32-5p	-0.318925350897817	-0.318925350897817	-0.318925350897817	-0.318925350897817	0.0686621398346847	-0.318925350897817
hsa-miR-326	0.356249193917479	-0.670645088664063	0.684065407962279	-0.201503152366771	0.0491284234868588	-0.215271374132741
hsa-miR-328-3p	0.168003269691144	-0.283955794860247	-0.0506329025330068	-0.267244882002187	-0.191022715126657	0.141824590844683
hsa-miR-330-3p	0.35420906467648	-0.3208646885354	0.25644693831158	-0.2788925300405	-0.2788925300405	0.16226434785709
hsa-miR-330-5p	0.680773031456717	-0.611690476797134	0.256310299501156	0.287280252775706	0.284063986360077	0.627433611197617
hsa-miR-331-3p	-0.00861892336770875	-0.218637416276469	0.0849079655932812	-0.127818183037158	-0.470564750138468	0.157109550052452
hsa-miR-331-5p	-0.674762503805554	-0.169981170935364	0.0404894267461868	-0.461284940498714	0.698811549919086	0.0334164803400965
hsa-miR-335-5p	0.285824146536628	1.15024728161081	-0.276155182220774	0.192986754076518	0.678578334809278	0.179218532310548
hsa-miR-338-5p	-0.0758956190885537	-0.0758956190885537	-0.0758956190885537	-0.0758956190885537	-0.0758956190885537	-0.0758956190885537
hsa-miR-339-3p	-0.283431124417446	0.459840449297124	0.0400536015535033	-0.0947849337722362	0.353660743483293	0.261059071875163
hsa-miR-33a-3p	-0.225698689289094	-0.787678018046495	-0.787678018046495	-0.787678018046495	-0.400090527313993	0.167055498983557
hsa-miR-33b-3p	-0.15843454607722	0.99054015973712	0.20051209265203	0.33489262391364	0.46992650017208	-0.58103721603252
hsa-miR-340-3p	-0.346889464188583	0.626273386567207	0.767934825979466	0.563048531693386	0.427534851979587	0.529771605781117
hsa-miR-340-5p	-0.552780852277337	-0.0375070378807867	-0.570333709966536	0.175970525426053	0.146540695582673	0.175970525426053
hsa-miR-342-3p	0.302781211107213	0.010594151109883	0.433341898112103	0.0384524725069326	-0.481237374419137	0.0384524725069326
hsa-miR-342-5p	0.793613553442436	0.171839166340916	0.371010883487136	-0.114580697245624	0.371010883487136	-0.128348919011594
hsa-miR-345-5p	0.0678488729297948	0.237751901477605	0.354039420351245	-0.140755394745505	0.188729607553465	0.396011578846144
hsa-miR-34a-5p	-0.479338002697427	0.366740233297183	-0.519041780090827	0.417375852244073	0.0156313878524532	0.410302905837983
hsa-miR-34b-3p	0.317948684577297	-0.545753931318863	0.123246054799637	-0.158996193414273	-0.495118312371973	-0.00834126845363325
hsa-miR-34c-3p	0.804686058732941	0.229889282313601	-0.690539198303639	0.365402962027401	0.313885245875862	-0.544535033854568
hsa-miR-34c-5p	0.168478058028214	0.168478058028214	-0.722513908362757	0.703191853207933	-0.0267919049990759	-0.374555408689806
hsa-miR-3605-5p	-0.465317965180358	-0.271735494053928	-0.0725637769077079	0.327413202688582	0.430881096917822	0.580546047958492
hsa-miR-3610	0.561979328757402	0	0	0	0	0
hsa-miR-3613-3p	-0.563432946560023	-0.563432946560023	-0.392424258908631	0.391300570470029	-0.563432946560023	-0.108059232028701
hsa-miR-3613-5p	-0.0645979151220837	-0.0645979151220837	-0.0645979151220837	-0.0645979151220837	-0.0645979151220837	0.390775799409238
hsa-miR-3614-5p	1.12908902611742	0.413193593044635	1.23289469916351	-0.491596318759945	0.713214606814365	1.03377670155286
hsa-miR-3615	0.2138226373684	-0.14393616399825	0.415555376823962	-0.19316993111376	-0.34166988289822	0.0486430693781017
hsa-miR-361-5p	-0.0639264855682899	-0.0555868452535897	-0.0472472049388797	-0.0185502739183905	-0.0472472049388797	0.18270155411583
hsa-miR-3617-3p	-0.0645979151220837	-0.0645979151220837	-0.0645979151220837	0.404544021175208	0.655175597028838	0.390775799409238
hsa-miR-3617-5p	0.256670625339793	-0.696864524920567	0.155417017091853	-0.983284388507107	0.863842035331393	0.155417017091853
hsa-miR-3619-3p	0	0	0.653556428629142	0.469141936297292	0	0
hsa-miR-3619-5p	-0.256829012125159	-0.256829012125159	-0.256829012125159	-0.256829012125159	-0.256829012125159	-0.256829012125159
hsa-miR-363-3p	0.0924112415304488	0.668520738261379	0.334008885612869	0.0924112415304488	0.256249418737509	-0.616013776709091
hsa-miR-3648	-0.0758956190885537	-0.0758956190885537	0.0951130685628383	-0.0758956190885537	-0.0758956190885537	-0.0758956190885537
hsa-miR-3651	-0.184821690526744	-0.184821690526744	-0.013813002875352	-0.184821690526744	-0.184821690526744	-0.184821690526744
hsa-miR-365a-3p	-0.00559795205324853	0.295743979307772	-0.384155559397988	0.282766669941312	-0.171561432401778	-0.171561432401778
hsa-miR-365a-5p	0.0788051105952183	-0.00310431326247151	-0.235309792451762	0.641859854660168	-0.914755963605572	-0.352358785199042
hsa-miR-365b-3p	-0.010380773889997	0.290961157471023	-0.388938381234737	0.327271931735734	-0.176344254238527	-0.176344254238527
hsa-miR-3661	-0.046734867962607	0.521193922308893	0.182190403212463	-0.112121679515267	-0.200582077332317	-0.598435968670717
hsa-miR-3662	-0.71489881101968	0.711503652811902	0.239834706010372	-0.71489881101968	0.00487470113124244	0.639811685606662
hsa-miR-3679-5p	0.540053828264094	-0.837282358721258	0.517428137905084	-0.837282358721258	0.464027813045234	0.517428137905084
hsa-miR-3681-3p	0.561979328757402	0	0	0	0	0
hsa-miR-3681-5p	-0.2532442780346	0.35734186092651	-0.05412628042395	0.21282617153817	-0.05412628042395	0.49285554064031
hsa-miR-3684	0	0	0.171008687651392	0	0.387587490732502	0
hsa-miR-3685	0.380348484252886	-0.181630844504516	-0.181630844504516	0.287511091792776	-0.181630844504516	0.773102672525536
hsa-miR-3689f	0.486083709668848	-0.0758956190885537	-0.0758956190885537	-0.0758956190885537	-0.0758956190885537	-0.0758956190885537
hsa-miR-3690	0.80186390517486	0.0954726177241003	0.94519269941133	0.94519269941133	-0.19169716902593	-0.52161719947028
hsa-miR-3691-3p	0.486083709668848	-0.0758956190885537	-0.0758956190885537	-0.0758956190885537	0.311691871643948	-0.0758956190885537
hsa-miR-3691-5p	0.904118021561002	-0.47321816542435	0.612158670871392	0.481515351605702	-0.085630674691848	-0.47321816542435
hsa-miR-372-3p	0.561979328757402	0	0	0	0	0
hsa-miR-374a-3p	0.00284276145579754	-0.559136567301604	0.395596949728448	0.795573929324738	-0.171549076569102	-0.103762852770282
hsa-miR-374a-5p	0.232910931405525	0.0912494919932652	-0.428155163221035	0.232910931405525	0.747942672395415	0.105988520712485
hsa-miR-374b-3p	0.120851591084881	0.52035977233492	-0.25248626286752	0.0486908255333907	0.0486908255333907	0.0486908255333907
hsa-miR-375-3p	-0.453153095224776	0.844391004852454	0.339578072644164	-1.01513242398218	-0.295358911831256	-0.559758709450856
hsa-miR-378a-3p	0.222990927282932	-0.422838560908167	0.305373195516733	-0.186455642756567	-0.297963407526767	0.0698243075108333
hsa-miR-378a-5p	0.114640562164985	1.04056705053188	0.137919386001215	0.580711011737755	-0.907287584322285	-0.757622633281615
hsa-miR-378c	-0.0541412343879291	0.107231429627321	-0.0238262993185598	0.374081860050301	-0.0310110923547997	0.150157721419941
hsa-miR-378d	-0.616130563688436	0.216498582564653	0.527239349416743	0.673243513865814	0.362672386964674	0.350467038000463
hsa-miR-378f	-0.332645086542103	0.149542155307177	0.384176357524247	0.384176357524247	0.643969635809997	-0.102137931631203
hsa-miR-378g	0.335169380644448	-0.244125388758622	0.423629778461498	-0.315817355963862	0.335169380644448	0.809578684752648
hsa-miR-378i	0.301904150917379	-0.418163029659441	-0.0733873263484615	-0.214996495764812	-0.352840781666831	-0.289420736532191
hsa-miR-378j	-0.0758956190885537	-0.0758956190885537	-0.0758956190885537	-0.0758956190885537	-0.0758956190885537	-0.0758956190885537
hsa-miR-3909	0.0996113131391119	-0.263608130288988	0.814863243690852	-0.0449043762492281	0.0996113131391119	0.689675871879402
hsa-miR-3911	1.02689428258154	0	0	0	0	0.455373714531322
hsa-miR-3917	0.419006136188112	0.147673653490402	0.477488689902312	0.346845370636622	-0.220300655660928	-0.60788814639343
hsa-miR-3918	1.02689428258154	0	0.653556428629142	0.469141936297292	0.387587490732502	0.455373714531322
hsa-miR-3922-5p	-0.192928548470986	-0.192928548470986	-0.192928548470986	-0.192928548470986	-0.192928548470986	-0.192928548470986
hsa-miR-3928-3p	0.40050672728884	-0.55302842297152	0.86167397283137	-0.3538567058253	0.6971070103793	0.68490166141509
hsa-miR-3934-5p	0.0589504547026554	-0.205656560113235	-0.259070371588805	-0.0664008804855554	-0.259070371588805	-0.346331409579205
hsa-miR-3935	-0.184821690526744	0.570740109357088	-0.013813002875352	-0.184821690526744	-0.184821690526744	-0.184821690526744
hsa-miR-3936	-0.352851218294696	-0.352851218294696	-0.352851218294696	-0.352851218294696	-0.352851218294696	-0.352851218294696
hsa-miR-3940-5p	-0.276155182220774	-0.276155182220774	-0.276155182220774	-0.276155182220774	-0.276155182220774	-0.276155182220774
hsa-miR-3941	-0.0758956190885537	-0.0758956190885537	-0.0758956190885537	-0.0758956190885537	-0.0758956190885537	-0.0758956190885537
hsa-miR-3944-3p	-0.0469004846770849	-0.608879813434487	0.0446766151946552	1.48527781761722	-0.221292322701985	0.345853703595565
hsa-miR-3944-5p	-0.00187487689306765	-0.56385420565047	0.390879311379583	-0.56385420565047	-0.56385420565047	-0.56385420565047
hsa-miR-3960	0.561979328757402	0	0	0	0	0
hsa-miR-409-3p	-0.255036928098734	-0.255036928098734	-0.084028240447342	0.214105008198558	0.132550562633768	0.699696588931318
hsa-miR-410-3p	0	0	0	0	0	0.455373714531322
hsa-miR-422a	0.53263664430349	-0.00995863389880958	0.47949656939869	-0.10557033450311	-1.24499444852476	0.58345433305427
hsa-miR-423-3p	0.465021894235949	-0.13522765884545	-0.0149913649769502	-0.0149913649769502	-0.13522765884545	0.0926656293181498
hsa-miR-423-5p	0.0599731661987501	7.18321475012829e-06	0.13696429975535	-0.0322928017066495	-0.379066773436049	-0.172770926253349
hsa-miR-424-5p	0.252853510856601	0.985686925118962	-0.551980435121418	0.576908210033511	1.13528816190757	0.573415605595092
hsa-miR-425-5p	-0.170255550437046	0.0458804430365323	0.239346600325323	0.469135638120832	0.0458804430365323	0.343890523578454
hsa-miR-4286	-1.071972750115	-0.316410950231171	-0.117239233084951	-1.071972750115	-0.684385259382501	-0.616599035583681
hsa-miR-429	0.112300159976354	0.305882631102784	-0.449679168781048	0.0194627675162442	-0.449679168781048	0.00569454575027417
hsa-miR-433-3p	-0.0758956190885537	-0.0758956190885537	0.0951130685628383	-0.0758956190885537	-0.0758956190885537	-0.0758956190885537
hsa-miR-4420	-0.147902940686969	0.607658859196863	0.0231057469644234	-0.147902940686969	0.239684550045533	-0.147902940686969
hsa-miR-4421	1.31780335738402	0.416880012736064	0.321268312131763	0.0977740380562735	-0.0263598607695066	0.220602565350503
hsa-miR-4425	0.486083709668848	-0.0758956190885537	-0.0758956190885537	-0.0758956190885537	-0.0758956190885537	0.379478095442768
hsa-miR-4429	-0.140493534210637	-0.140493534210637	0.0305151534407546	-0.140493534210637	-0.140493534210637	-0.140493534210637
hsa-miR-4435	0.114460601021454	0.308043072147884	1.01065966311963	0.0216232085613441	0.272254784414974	0.507214789294104
hsa-miR-4449	-0.0758956190885537	-0.0758956190885537	-0.0758956190885537	-0.0758956190885537	-0.0758956190885537	-0.0758956190885537
hsa-miR-4453	-0.10892607143819	-0.10892607143819	-0.10892607143819	-0.10892607143819	-0.10892607143819	-0.10892607143819
hsa-miR-4467	-0.173523986560274	0.582037813323558	-0.173523986560274	0.295617949737018	-0.173523986560274	-0.173523986560274
hsa-miR-4470	0.120749885195946	-0.441229443561456	-0.441229443561456	-0.441229443561456	-0.0536419528289542	0.913481053064886
hsa-miR-4473	0.0310184650518268	1.11601390812114	0.119478862868877	0.119478862868877	0.606314702936297	0.704545766770677
hsa-miR-4479	0.122013179222779	0.986436314296959	-0.268957461883231	-0.439966149534623	-0.439966149534623	-0.439966149534623
hsa-miR-4485-3p	0.335496482184628	-0.228885301319642	0.190980792796288	-1.16664360788507	-0.401245284781881	-0.0759716591658317
hsa-miR-4498	0.33818076898188	-0.223798559775522	-0.0527898721241302	-0.223798559775522	-0.223798559775522	-0.223798559775522
hsa-miR-449a	-0.147902940686969	-0.147902940686969	-0.147902940686969	-0.147902940686969	-0.147902940686969	-0.147902940686969
hsa-miR-449b-3p	0.561979328757402	0	0	0	0	0
hsa-miR-449c-5p	-0.649586117360387	0.849830492857763	-0.721746882911876	-0.321769903315587	0.0700490582085034	-1.22110668541061
hsa-miR-4502	0.336020327936779	-0.225959000820622	-0.0549503131692304	1.12875149580572	0.4938145113303	0.2294147137107
hsa-miR-4504	0.421485794546764	-0.140493534210637	-0.140493534210637	-0.140493534210637	0.247093956521865	-0.140493534210637
hsa-miR-450a-1-3p	-0.151791238177107	-0.151791238177107	0.0192174494742847	-0.151791238177107	-0.151791238177107	-0.151791238177107
hsa-miR-450a-2-3p	-0.449679168781048	0.976723295050534	-0.278670481129656	0.0194627675162442	-0.0620916780485459	-0.449679168781048
hsa-miR-450a-5p	-0.329372148660197	1.05222357749957	0.441637438538463	0.445130042976883	0.799222728944393	0.121075343799973
hsa-miR-450b-5p	-0.77756583124653	-0.29537858939725	-0.80019152160554	-0.06074438718018	0.52432251672162	-0.54705867633563
hsa-miR-451a	0.421485794546764	0.615068265673195	0.0305151534407546	0.814239982819415	-0.140493534210637	0.814239982819415
hsa-miR-4521	-0.0249399827881014	0.483219540606298	-0.254412835845493	0.051498928570588	-0.113885254057452	-0.424918475690832
hsa-miR-4525	0	0	0.653556428629142	0	0	0
hsa-miR-452-5p	-0.233921767972671	-0.0554641968860015	-0.0554641968860015	0.151552127509179	0.118784136245409	0.0159037091321688
hsa-miR-454-3p	0.0486007038773364	0.901624349181377	-0.597000580376423	0.390890859037907	0.514920814109687	0.176522840407937
hsa-miR-454-5p	-0.12185807058304	0.16309595763962	-0.26318225489046	-0.59619942970148	0.29955503345573	-0.24939255055761
hsa-miR-455-3p	0.221895089978011	-0.3748905978653	0.31804175266093	-0.40565314318515	-0.40565314318515	-0.33122890241777
hsa-miR-455-5p	0.0233204619480452	0.541631979394195	0.158741185393785	0.541631979394195	0.802499070359745	0.314512979011485
hsa-miR-4638-3p	-0.0758956190885537	-0.0758956190885537	-0.0758956190885537	-0.0758956190885537	-0.0758956190885537	-0.0758956190885537
hsa-miR-4638-5p	0.305150316632243	-0.256829012125159	-0.085820324473767	0.212312924172133	-0.256829012125159	-0.256829012125159
hsa-miR-4645-3p	-0.276155182220774	-0.276155182220774	-0.276155182220774	0.192986754076518	-0.276155182220774	-0.276155182220774
hsa-miR-4646-3p	0	0	0.653556428629142	0	0	0
hsa-miR-4646-5p	0	0	0	0.954733517030052	0	0
hsa-miR-4647	-0.364070530446069	-0.364070530446069	-0.364070530446069	-0.364070530446069	-0.364070530446069	0.590662986583983
hsa-miR-4654	-0.191809837912629	-0.191809837912629	-0.191809837912629	0.277332098384663	-0.191809837912629	-0.191809837912629
hsa-miR-4657	-0.356739515784834	-0.356739515784834	-0.185730828133442	0.112402420512458	0.0308479749476676	-0.356739515784834
hsa-miR-4659a-3p	0.450244504511324	0.178912021813614	0.378083738959834	-0.576649778070218	-0.189062287337716	-0.121276063538896
hsa-miR-4660	0	0	0	0.469141936297292	0.387587490732502	0.455373714531322
hsa-miR-4661-5p	0.421966221966437	-0.142415561537833	0.277450532578097	-0.942690261058743	0.0636381555207768	-1.06088311244127
hsa-miR-4664-3p	-0.296546853228166	-1.32344113580971	0.770716495241994	0.547222221166504	-0.368707618779656	0.992827224326084
hsa-miR-4665-5p	-0.117032929382432	-0.117032929382432	-0.117032929382432	0.83770058764762	-0.117032929382432	-0.117032929382432
hsa-miR-4667-5p	0.561979328757402	0	0	0	0	0
hsa-miR-4671-5p	0.570525241160748	0.720951719851188	0.319606681872138	-0.669429772686152	0.162738462783048	0.469271632912808
hsa-miR-4673	0.561979328757402	0	0	0	0.387587490732502	0
hsa-miR-4676-3p	0.0882068835901355	-0.473772445167266	0.179783983461876	0.480961071862786	-0.0861849544347644	-0.0183987306359443
hsa-miR-4677-3p	-0.337727244804514	-0.620421731117124	-1.09209067791865	0.436774946832566	-0.0411269617140535	0.632400340004796
hsa-miR-4683	-0.891109630692363	-0.135547830808531	-0.720100943040971	-0.891109630692363	0.410200541074129	0.463600865933979
hsa-miR-4684-3p	0.689489828439924	0.738556105286154	0.266887158484624	1.03818983473335	-0.300258867812926	1.1716770702892
hsa-miR-4687-3p	-0.703832686507216	0.0517291133766156	-0.532823998855824	-0.234690750209924	-0.316245195774714	-0.703832686507216
hsa-miR-4689	-0.225959000820622	-0.225959000820622	-0.225959000820622	-0.225959000820622	-0.225959000820622	-0.225959000820622
hsa-miR-4690-3p	-0.216389153299191	-0.216389153299191	-0.216389153299191	-0.216389153299191	-0.216389153299191	-0.216389153299191
hsa-miR-4690-5p	0.33818076898188	-0.223798559775522	0.73093495725453	0.24534337652177	0.16378893095698	0.73093495725453
hsa-miR-4691-3p	-0.10892607143819	-0.10892607143819	-0.10892607143819	0.360215864859102	-0.10892607143819	-0.10892607143819
hsa-miR-4695-5p	-0.10892607143819	-0.10892607143819	0.0620826162132017	-0.10892607143819	-0.10892607143819	-0.10892607143819
hsa-miR-4700-3p	0.561979328757402	0	0	0	0	0
hsa-miR-4700-5p	0	0	0	0	0.719773512150922	0
hsa-miR-4707-3p	-0.117718822103178	-0.679698150860579	-0.508689463209187	-0.210556214563287	-0.679698150860579	-0.224324436329257
hsa-miR-4707-5p	0	0	0.653556428629142	0	0	0
hsa-miR-4709-5p	-0.0458383723665792	0.147744098759851	0.0457387275051608	-0.607817701123981	-0.220230210391479	-0.607817701123981
hsa-miR-4717-3p	-0.384089586617907	1.04231287721367	0.269466842011234	0.0850523496793847	0.00349790411459461	-0.384089586617907
hsa-miR-4723-3p	0.561979328757402	0	0	0	0	0
hsa-miR-4723-5p	0	0	0	0.469141936297292	0.387587490732502	0
hsa-miR-4725-3p	1.02689428258154	0	0	0	0	0
hsa-miR-4725-5p	0.561979328757402	0	0	0	0	0
hsa-miR-4726-5p	0	0	0	0	0.719773512150922	0
hsa-miR-4727-3p	-0.0758956190885537	-0.0758956190885537	-0.0758956190885537	-0.0758956190885537	-0.0758956190885537	-0.0758956190885537
hsa-miR-4728-5p	0.561979328757402	0	0.171008687651392	0	0	0
hsa-miR-4731-5p	-0.192928548470986	-0.192928548470986	-0.192928548470986	-0.192928548470986	-0.192928548470986	-0.192928548470986
hsa-miR-4738-3p	-0.159122252838342	-0.159122252838342	0.0118864348130501	0.31001968345895	-0.159122252838342	-0.159122252838342
hsa-miR-4741	0.453846467262925	-0.796288966087895	-0.197140269345385	-0.197140269345385	0.453846467262925	-0.197140269345385
hsa-miR-4742-3p	-0.299615787048979	0.455946012834852	-0.299615787048979	0.655117729981073	-0.299615787048979	-0.299615787048979
hsa-miR-4742-5p	-0.0645979151220837	-0.0645979151220837	-0.0645979151220837	0.404544021175208	0.322989575610418	-0.0645979151220837
hsa-miR-4746-5p	-0.0601860828263749	-0.199441762454055	0.645423998387345	-0.499320386816475	0.395598521282506	0.0495231911175056
hsa-miR-4747-3p	-0.0645979151220837	-0.0645979151220837	-0.0645979151220837	-0.0645979151220837	-0.0645979151220837	0.390775799409238
hsa-miR-4750-5p	0.338259160796976	-0.223720167960426	-0.223720167960426	-0.223720167960426	-0.223720167960426	-0.223720167960426
hsa-miR-4753-5p	-0.192928548470986	-0.192928548470986	-0.192928548470986	-0.192928548470986	-0.192928548470986	-0.192928548470986
hsa-miR-4775	-0.212500855809052	-0.212500855809052	-0.212500855809052	0.25664108048824	0.742232661221	-0.212500855809052
hsa-miR-4786-5p	0.345590175458211	-0.216389153299191	0.437167275329951	-0.216389153299191	-0.216389153299191	-0.216389153299191
hsa-miR-4787-3p	0.616715791287213	-0.410178491294329	0.544555025735723	0.944532005332013	-0.410178491294329	0.544555025735723
hsa-miR-4791	-0.173523986560274	-0.173523986560274	-0.00251529890888191	-0.173523986560274	-0.173523986560274	-0.173523986560274
hsa-miR-4793-3p	-0.184821690526744	-0.184821690526744	-0.013813002875352	0.284320245770548	0.202765800205758	0.769911826503308
hsa-miR-4794	-0.0758956190885537	-0.0758956190885537	-0.0758956190885537	-0.0758956190885537	-0.0758956190885537	-0.0758956190885537
hsa-miR-4797-3p	0.208791032970435	-0.818103249611107	0.640075141244475	-0.348961313313815	-0.430515758878605	0.789740092285145
hsa-miR-4797-5p	0	0	0.653556428629142	0	0.719773512150922	0
hsa-miR-4798-5p	-0.413894468354001	-0.413894468354001	-0.242885780702609	0.0552474679432911	0.305879043796921	-0.413894468354001
hsa-miR-4802-3p	0.875103044404435	-0.151791238177107	-0.151791238177107	-0.151791238177107	-0.151791238177107	-0.151791238177107
hsa-miR-484	0.164017755500673	-0.333551106772306	0.0620852279568638	-0.285748717683347	-0.204435982061286	-0.137341703878546
hsa-miR-485-3p	-0.0758956190885537	-0.0758956190885537	-0.0758956190885537	-0.0758956190885537	-0.0758956190885537	-0.0758956190885537
hsa-miR-486-3p	1.32487232561252	-0.079110317108013	-0.181115688362703	-0.834672116991845	-0.114898604840923	-0.834672116991845
hsa-miR-486-5p	0.457316569572651	0.15140480515657	-0.35948276430962	0.0475098041725399	-0.117669763817759	-0.253715750263149
hsa-miR-489-3p	-0.886169296974263	-0.130607497090431	-0.232612868345121	0.839866896304519	-0.166395784823341	0.468541199652079
hsa-miR-491-3p	1.05063504168637	-0.326701145298977	0.326855283330165	0.142440790998315	0.0608863454335247	-0.326701145298977
hsa-miR-491-5p	0.0270765791947936	-0.515518699007506	0.240888956252113	-0.611130399611806	-0.124294559544386	-0.389019670527716
hsa-miR-492	-0.10892607143819	0.646635728445642	-0.10892607143819	-0.10892607143819	-0.10892607143819	-0.10892607143819
hsa-miR-493-5p	1.02689428258154	0	0	0	0	0.455373714531322
hsa-miR-497-5p	0.453053257319212	-0.10892607143819	0.976450764857552	-0.10892607143819	0.610847440712732	-0.10892607143819
hsa-miR-499b-3p	-0.10892607143819	-0.10892607143819	0.544630357190952	-0.10892607143819	-0.10892607143819	0.346447643093132
hsa-miR-5000-3p	-0.256829012125159	-0.256829012125159	-0.256829012125159	-0.256829012125159	-0.256829012125159	-0.256829012125159
hsa-miR-5001-3p	0.332038620026981	-0.694855662554561	-0.694855662554561	-0.694855662554561	0.0249178495963611	-0.239481948023239
hsa-miR-5004-3p	-0.159122252838342	-0.159122252838342	-0.159122252838342	-0.159122252838342	-0.159122252838342	-0.159122252838342
hsa-miR-5008-3p	-0.385081253658964	0.370480546224867	-0.385081253658964	-0.385081253658964	0.00250623707353759	-0.385081253658964
hsa-miR-500a-3p	0.0531646315969434	-0.284053200657556	0.175165512092724	0.363959790155943	-0.0260863159414972	-0.0260863159414972
hsa-miR-500a-5p	0.278790033386177	0.460251957775937	-0.460176522841303	0.745920434665737	-0.624743485293373	-0.470896275923663
hsa-miR-500b-3p	-0.566320216174166	0.731223883903064	0.607983280783034	0.742363812044644	0.329878845924014	1.35180699241128
hsa-miR-500b-5p	0.243053977859585	-0.318925350897817	-0.318925350897817	0.635808166132235	0.0686621398346847	1.28891799099843
hsa-miR-5010-3p	0.28818367787676	-0.00523572268148964	-0.00523572268148964	0.21934666274106	0.20572417469247	0.10953320889101
hsa-miR-5010-5p	-0.0758956190885537	-0.0758956190885537	0.0951130685628383	-0.0758956190885537	-0.0758956190885537	-0.0758956190885537
hsa-miR-501-3p	0.192644860224997	-0.299794458721414	0.328105980282676	0.114914891915986	-0.316178454353304	-0.0319690414609735
hsa-miR-503-3p	1.04461155577164	1.09367783261787	0.320831797415429	0.13641730508358	0.0548628595187894	0.122649083317609
hsa-miR-503-5p	-0.002593929420593	-0.123175674589312	0.116760699884027	0.0424954604878778	-0.123175674589312	0.251572042970418
hsa-miR-504-5p	-0.321426927247243	-0.321426927247243	0.332129501381899	0.633306589782809	-0.321426927247243	0.633306589782809
hsa-miR-505-3p	0.322654085549933	0.196094871915403	0.170729566164003	-0.0249969840652566	0.142869404715933	0.0283879435564831
hsa-miR-505-5p	-0.970088295969675	-0.970088295969675	-0.0153547789396229	-0.500946359672383	0.331221875796817	-0.0153547789396229
hsa-miR-5089-3p	-0.10892607143819	-0.10892607143819	0.0620826162132017	-0.10892607143819	-0.10892607143819	-0.10892607143819
hsa-miR-5090	-0.0758956190885537	-0.0758956190885537	0.878837897941498	0.393246317208738	-0.0758956190885537	-0.0758956190885537
hsa-miR-5091	-0.620665857195343	-0.620665857195343	-0.449657169543951	0.734044639430999	0.0991076549555794	-0.165292142664021
hsa-miR-509-3-5p	-0.0758956190885537	-0.0758956190885537	-0.0758956190885537	-0.0758956190885537	-0.0758956190885537	-0.0758956190885537
hsa-miR-511-5p	-0.268824167559539	-0.268824167559539	-0.268824167559539	-0.268824167559539	-0.268824167559539	0.685909349470513
hsa-miR-516a-5p	-1.10753314944354	-1.10753314944354	-0.152799632413493	-0.638391213146253	0.193777022322947	-0.152799632413493
hsa-miR-5187-5p	-0.10892607143819	-0.10892607143819	-0.10892607143819	-0.10892607143819	-0.10892607143819	-0.10892607143819
hsa-miR-5188	0.294273871756219	1.1586970068304	-0.267705457001182	0.20143647929611	-0.267705457001182	-0.267705457001182
hsa-miR-5189-3p	-0.424058122907743	-0.424058122907743	-0.424058122907743	0.0450838133895495	-0.0364706321752406	0.0313155916235794
hsa-miR-5189-5p	-0.10892607143819	-0.10892607143819	0.0620826162132017	-0.10892607143819	-0.10892607143819	-0.10892607143819
hsa-miR-518e-5p	-0.216389153299191	-0.216389153299191	0.738344363730861	-0.216389153299191	-0.216389153299191	-0.216389153299191
hsa-miR-5193	0.34947847294835	-0.212500855809052	0.44105557282009	-0.212500855809052	-0.212500855809052	-0.212500855809052
hsa-miR-5196-3p	-0.332724631213713	-0.332724631213713	-0.332724631213713	-0.332724631213713	0.0548628595187894	0.122649083317609
hsa-miR-519a-2-5p	0.497381413635318	-0.0645979151220837	-0.0645979151220837	0.404544021175208	-0.0645979151220837	0.890135601907968
hsa-miR-519a-5p	0.0982213058120605	-0.17311117688565	1.06481890750096	-0.928672976769482	0.0260605402605705	0.0260605402605705
hsa-miR-519b-5p	-0.216389153299191	-0.216389153299191	0.738344363730861	-0.216389153299191	-0.216389153299191	-0.216389153299191
hsa-miR-519c-5p	-0.216389153299191	-0.216389153299191	0.738344363730861	-0.216389153299191	-0.216389153299191	-0.216389153299191
hsa-miR-520b-5p	0.497381413635318	-0.0645979151220837	-0.0645979151220837	0.404544021175208	-0.0645979151220837	0.890135601907968
hsa-miR-522-3p	-0.923613597401939	0.457982128757831	0.854058072670832	-1.04415796131187	0.0465139874073714	0.150471751062951
hsa-miR-522-5p	-0.216389153299191	-0.216389153299191	0.738344363730861	-0.216389153299191	-0.216389153299191	-0.216389153299191
hsa-miR-523-5p	-0.216389153299191	-0.216389153299191	0.738344363730861	-0.216389153299191	-0.216389153299191	-0.216389153299191
hsa-miR-542-3p	3.40086479100332e-05	0.39954218989795	-0.85585158628224	1.28940808620216	-0.30708676178271	-0.0721267569035799
hsa-miR-543	-0.151791238177107	-0.151791238177107	-0.151791238177107	-0.151791238177107	0.235796252555395	-0.151791238177107
hsa-miR-548aa	-0.0758956190885537	-0.0758956190885537	0.577660809540588	-0.0758956190885537	-0.0758956190885537	-0.0758956190885537
hsa-miR-548ae-5p	-0.0758956190885537	-0.0758956190885537	-0.0758956190885537	-0.0758956190885537	-0.0758956190885537	-0.0758956190885537
hsa-miR-548ah-3p	-0.118779699056673	-0.390112181754383	0.462169360258037	1.17059437849758	-0.758086490905713	0.209036514988127
hsa-miR-548am-3p	-0.51838285204601	0.49999343068566	-0.4911969764756	0.25611933959107	-0.61963646029395	-0.23398791791976
hsa-miR-548aq-3p	0.419133179705412	-0.60776110287613	-0.436752415224738	1.11827509040265	-0.60776110287613	-0.152387388344808
hsa-miR-548ar-3p	0.561979328757402	0	0	0	0	0
hsa-miR-548av-3p	-0.151791238177107	-0.151791238177107	0.0192174494742847	0.317350698120185	-0.151791238177107	-0.151791238177107
hsa-miR-548ay-3p	0.345590175458211	0.539172646584641	-0.216389153299191	0.252752782998101	0.503384358851731	-0.216389153299191
hsa-miR-548ay-5p	0.561979328757402	0.755561799883832	0	0	0.387587490732502	0
hsa-miR-548az-5p	-0.538913752109318	0.887488711722264	0.114642676519824	-0.538913752109318	-0.151326261376816	-0.538913752109318
hsa-miR-548i	-0.10892607143819	-0.10892607143819	-0.10892607143819	0.360215864859102	-0.10892607143819	0.346447643093132
hsa-miR-548j-5p	0.260298626897791	-0.301680701859611	-0.130672014208219	0.167461234437681	0.0859067888728913	-0.301680701859611
hsa-miR-548k	-0.567507080609441	0.931909529608709	0.0134419787052686	0.276261993785229	0.0134419787052686	-0.639667846160931
hsa-miR-548n	-0.264935870069401	0.490625929814431	-0.264935870069401	-0.264935870069401	-0.264935870069401	-0.264935870069401
hsa-miR-548o-3p	-0.415412556856761	0.245687808354559	0.0772046455861988	0.102569951337599	0.0227090935811889	0.354588972807158
hsa-miR-548p	-0.211397056293526	0.188111124956514	0.369552003021184	1.2453078029062	-0.850703848142566	0.116419157751274
hsa-miR-548t-3p	-0.0758956190885537	-0.0758956190885537	0.577660809540588	-0.0758956190885537	-0.0758956190885537	-0.0758956190885537
hsa-miR-548u	-0.191809837912629	-0.191809837912629	-0.191809837912629	-0.191809837912629	-0.191809837912629	0.263563876618693
hsa-miR-548w	0.452163632055049	-0.574730650526493	-0.574730650526493	-0.574730650526493	-0.187143159793991	-0.119356935995171
hsa-miR-549a-3p	-1.39864071207525	0.630056126649146	-0.905313542084393	0.298303212959127	-0.295870361717753	0.00720539954847643
hsa-miR-549a-5p	-0.621985338458551	0.804417125373031	0.0315710901705906	-0.152843402161259	0.332748178571501	-0.621985338458551
hsa-miR-550a-3-5p	-0.0663385010240667	-0.782233934096847	-0.547599731879777	-0.771094005955267	0.195934464817303	-1.68702384590143
hsa-miR-550a-3p	-0.108323166913845	-0.730097554015365	-1.31465066624781	-0.130948857272855	-0.184349182132705	-0.130948857272855
hsa-miR-550a-5p	-0.0663385010240667	-0.782233934096847	-0.547599731879777	-0.771094005955267	0.195934464817303	-1.68702384590143
hsa-miR-551b-5p	-0.66575123230568	0.0898105675781522	0.288982284724372	-0.66575123230568	0.288982284724372	0.288982284724372
hsa-miR-552-5p	0.561979328757402	0	0	0	0	0
hsa-miR-556-3p	0	0	0	0	0.387587490732502	0.954733517030052
hsa-miR-5581-3p	0.226173118527183	-0.335806210230219	-0.164797522578827	-0.335806210230219	-0.335806210230219	0.618927306799833
hsa-miR-5584-3p	-0.0758956190885537	-0.0758956190885537	-0.0758956190885537	-0.0758956190885537	-0.0758956190885537	-0.0758956190885537
hsa-miR-5584-5p	-0.327044249697149	-0.327044249697149	-0.156035562045757	0.142097686600143	-0.327044249697149	-0.327044249697149
hsa-miR-5587-3p	-0.10892607143819	-0.10892607143819	0.0620826162132017	-0.10892607143819	-0.10892607143819	-0.10892607143819
hsa-miR-5587-5p	-0.181630844504516	-0.181630844504516	-0.181630844504516	-0.181630844504516	-0.181630844504516	-0.181630844504516
hsa-miR-5588-5p	0.197908798311333	-0.364070530446069	-0.364070530446069	0.105071405851223	0.355702981704853	0.990639966180273
hsa-miR-561-5p	0.497381413635318	-0.0645979151220837	-0.0645979151220837	-0.0645979151220837	-0.0645979151220837	-0.0645979151220837
hsa-miR-5690	0.342969127301999	0.0716366446042889	-0.0303687266504011	0.270808361750509	-0.296337664547041	-0.228551440748221
hsa-miR-5699-5p	0.44494639937497	-0.117032929382432	-0.117032929382432	-0.117032929382432	0.27055456135007	-0.117032929382432
hsa-miR-570-3p	0.561979328757402	0	0	0	0	0
hsa-miR-573	-0.441229443561456	-0.441229443561456	-0.441229443561456	0.0279124927358358	0.513504073468596	-0.441229443561456
hsa-miR-574-3p	0.162721360517716	-0.326160520887594	-0.128426801987624	-0.128426801987624	-0.508072412982534	-0.326160520887594
hsa-miR-576-3p	-2.15768430949549	-1.40212250961166	-0.549840967599237	-1.20295079246544	0.322422227847363	0.00186013310887301
hsa-miR-576-5p	-0.201412030073219	-0.250519999180939	0.249332010430432	-0.0493576591047686	0.554955225926221	-1.16898755008438
hsa-miR-577	0	0.755561799883832	0.653556428629142	0	0	0.455373714531322
hsa-miR-578	-0.184821690526744	-0.184821690526744	-0.184821690526744	-0.184821690526744	0.202765800205758	-0.184821690526744
hsa-miR-579-5p	0.190950027142318	1.0553731622165	0.282527127014058	0.0981126346822081	0.930280870151408	0.583704215414968
hsa-miR-582-3p	0.192897115821988	-0.540244862950792	0.349621033353419	0.349621033353419	0.765717283075928	1.19534580778142
hsa-miR-582-5p	-0.0618335454813828	-0.623812874238785	-0.452804186587393	0.964739711995477	0.330920642791267	0.730897622387557
hsa-miR-584-3p	-0.170891173799748	-1.87998812394394	-0.143705298229338	-0.291435537709678	-0.578677952177448	-0.925254606913888
hsa-miR-589-3p	0.414076388070433	-0.147902940686969	0.505653487942173	1.20680755593937	-0.147902940686969	-0.147902940686969
hsa-miR-589-5p	0.0578646583976097	-0.40788650885782	0.17438566687384	0.20962336410941	-0.57709733934687	-0.00323565069867993
hsa-miR-597-3p	-0.342020280533348	-0.90399960929075	0.703843732605502	0.684552976943512	0.397310562475742	0.703843732605502
hsa-miR-598-3p	0.279076323720743	0.570380093284093	-0.223143585394047	0.136899218673733	0.857783173452813	-0.444100444770937
hsa-miR-598-5p	0.886400748370905	-0.140493534210637	0.513062894418505	0.814239982819415	0.247093956521865	-0.140493534210637
hsa-miR-605-5p	0.345590175458211	1.21001331053239	-0.216389153299191	-0.216389153299191	0.171198337433311	-0.216389153299191
hsa-miR-6130	-0.10892607143819	-0.10892607143819	-0.10892607143819	-0.10892607143819	-0.10892607143819	-0.10892607143819
hsa-miR-615-3p	0.28791861292604	-1.28356533636261	0.403858226163839	-0.640300301128111	-0.212880531099731	0.34525437796066
hsa-miR-616-3p	1.02689428258154	0.755561799883832	0.954733517030052	0.469141936297292	0	0
hsa-miR-616-5p	-0.0190492523173091	-0.581028581074711	0.0725278475544309	-0.111886644777419	0.720281590691781	-0.581028581074711
hsa-miR-619-5p	0.977464370475399	0.0875984741711884	0.654687894610048	0.755353641391308	0.269039352235859	0.977464370475399
hsa-miR-625-5p	-0.759199901077318	0.0734292451757717	-0.431383687032518	0.308063447392842	-0.0395647255084284	0.0734292451757717
hsa-miR-627-3p	-0.173523986560274	-0.173523986560274	-0.00251529890888191	-0.173523986560274	-0.173523986560274	-0.173523986560274
hsa-miR-628-3p	-0.628174042534152	-0.434591571407722	0.164557125334789	-0.235419854261501	0.556376086858879	-0.235419854261501
hsa-miR-628-5p	-0.281482943749832	1.14491952008175	0.372073484879309	-0.281482943749832	0.43829056840109	-0.281482943749832
hsa-miR-629-3p	0.0314690194941036	0.241511552158003	0.195307196701163	0.442673892234173	-0.125254898037327	0.296194130477434
hsa-miR-632	-0.223720167960426	0.531841631923406	-0.0527114803090336	-0.223720167960426	-0.223720167960426	-0.223720167960426
hsa-miR-636	-0.371701500462491	-0.371701500462491	-0.371701500462491	0.0974404358348011	-0.371701500462491	0.0836722140688311
hsa-miR-639	-0.0758956190885537	-0.0758956190885537	-0.0758956190885537	-0.0758956190885537	-0.0758956190885537	-0.0758956190885537
hsa-miR-641	0.278560783548672	-0.0041337027639381	0.739728029091202	-0.0758256699691779	0.575161066639132	-0.0758256699691779
hsa-miR-642a-3p	-0.333422082681623	-0.333422082681623	-0.162413395030231	-0.333422082681623	0.0541654080508791	-0.333422082681623
hsa-miR-642a-5p	-0.125810761100055	-0.0955858720484151	-0.414691846728205	-0.696802617470155	-0.984045031937925	0.194751333638435
hsa-miR-6500-3p	0.362031244536803	0.0906987618390926	-0.0113066094155974	0.689847458581603	0.942980303851513	-0.209489323513417
hsa-miR-6501-3p	0.561979328757402	0	0	0	0	0
hsa-miR-6501-5p	-0.530648360061703	-0.337065888935273	-0.137894171789053	0.262082807807237	0.365550702036477	0.262082807807237
hsa-miR-6502-5p	-0.235017871926896	-0.235017871926896	-0.235017871926896	-0.235017871926896	-0.235017871926896	-0.235017871926896
hsa-miR-6505-5p	-0.0758956190885537	-0.0758956190885537	0.577660809540588	-0.0758956190885537	0.311691871643948	0.379478095442768
hsa-miR-6510-3p	-0.711782398957942	0.71462006487364	-0.711782398957942	0.24295111807211	0.24295111807211	0.6429280976684
hsa-miR-6511a-3p	0.73028267356785	-0.978814276576342	-0.0240807595462895	-0.0240807595462895	-0.59122678584384	-0.978814276576342
hsa-miR-6511a-5p	0	0	0.171008687651392	0.954733517030052	0	0
hsa-miR-6511b-5p	0.382838019747221	-0.17914130901018	-0.00813262135878845	0.775592208019872	-0.17914130901018	-0.17914130901018
hsa-miR-6513-3p	-0.10892607143819	-0.10892607143819	-0.10892607143819	0.845807445591862	0.278661419294312	-0.10892607143819
hsa-miR-6514-3p	0.561979328757402	0	0	0	0	0
hsa-miR-6514-5p	1.36826546098624	-0.340831489157954	0.312724939471188	0.128310447139338	0.378942022992968	0.114542225373368
hsa-miR-6515-5p	0.757348089851731	-0.269546192729811	-0.0985375050784187	0.199595743567481	0.118041298002691	-0.269546192729811
hsa-miR-651-5p	-0.280152517486523	0.240461142078517	-0.931139254094833	-0.415186393744963	0.804842925582787	-0.292357866450733
hsa-miR-6516-3p	0.561979328757402	0.755561799883832	0	0	0	0
hsa-miR-6516-5p	-0.223798559775522	0.53176324010831	-0.223798559775522	0.24534337652177	-0.223798559775522	-0.223798559775522
hsa-miR-652-5p	-0.491504016776705	0.264057783107127	-0.491504016776705	1.09704856945756	-0.491504016776705	-0.0361303022453827
hsa-miR-654-5p	0.561979328757402	0	0	0	0	0
hsa-miR-659-5p	-0.0392275189998545	-0.310560001697565	0.541721540314855	-0.111388284551345	0.235188370185095	0.288588695044945
hsa-miR-660-3p	0.486083709668848	-0.0758956190885537	0.0951130685628383	-0.0758956190885537	-0.0758956190885537	0.379478095442768
hsa-miR-663b	-0.117032929382432	-0.117032929382432	-0.117032929382432	-0.117032929382432	-0.117032929382432	-0.117032929382432
hsa-miR-664a-3p	-0.260648117232455	-0.392204363066875	-0.0193571688064447	0.325836839809385	-0.569473221912275	-0.303813139020095
hsa-miR-664a-5p	0.010757698470079	0.843386844723169	0.338573912514879	0.338573912514879	-0.628549093378961	1.1434078584929
hsa-miR-664b-3p	0.229998007838902	0.279064284685132	0.207372317479892	0.946819451905252	0.153971992620042	-1.14733817914645
hsa-miR-664b-5p	0.228557246075779	-0.333422082681623	-0.162413395030231	-0.333422082681623	0.0541654080508791	-0.333422082681623
hsa-miR-671-3p	0.409211119773473	-0.295884308581257	0.335584300175673	-0.308328473507396	-0.0134846103128465	0.251735868848344
hsa-miR-671-5p	-0.320292738017598	0.809594030269622	-0.486345296351518	0.155007139392442	0.199387354331542	0.199387354331542
hsa-miR-6716-3p	-0.0273404715471075	-0.589319800304509	-0.418311112653117	-0.120177864007217	0.365413716725543	0.765390696321833
hsa-miR-6720-3p	0.0791478074444305	0.47865598869447	0.40696402148923	0.00698704189294053	0.00698704189294053	-0.492372760605789
hsa-miR-6720-5p	-0.260717309615298	-0.260717309615298	0.824659526680444	-0.260717309615298	-0.260717309615298	-0.260717309615298
hsa-miR-6721-5p	0.561979328757402	0	0.171008687651392	0	0.387587490732502	0.954733517030052
hsa-miR-6724-5p	-0.00463724317160952	0.18894522795482	0.518760264366731	-0.0974746356317193	-0.566616571929011	-0.111242857397689
hsa-miR-6728-3p	-0.10892607143819	-0.10892607143819	-0.10892607143819	-0.10892607143819	-0.10892607143819	-0.10892607143819
hsa-miR-6728-5p	-0.147902940686969	-0.147902940686969	-0.147902940686969	-0.147902940686969	-0.147902940686969	-0.147902940686969
hsa-miR-6729-5p	-0.181630844504516	-0.181630844504516	-0.181630844504516	-0.181630844504516	-0.181630844504516	-0.181630844504516
hsa-miR-6732-5p	-0.0758956190885537	-0.0758956190885537	-0.0758956190885537	-0.0758956190885537	-0.0758956190885537	-0.0758956190885537
hsa-miR-6734-5p	-0.535753781277715	-0.535753781277715	-0.364745093626323	-0.535753781277715	-0.535753781277715	-0.535753781277715
hsa-miR-6735-3p	-0.340831489157954	-0.340831489157954	-0.169822801506562	-0.340831489157954	-0.340831489157954	-0.340831489157954
hsa-miR-6741-3p	-0.307025193525311	-0.307025193525311	-0.307025193525311	-0.307025193525311	-0.307025193525311	0.148348521006011
hsa-miR-6741-5p	0.886400748370905	-0.140493534210637	0.814239982819415	0.328648402086655	0.247093956521865	-0.140493534210637
hsa-miR-6746-5p	0.561979328757402	0	0	0	0	0.455373714531322
hsa-miR-6749-3p	-0.0758956190885537	-0.0758956190885537	-0.0758956190885537	-0.0758956190885537	-0.0758956190885537	-0.0758956190885537
hsa-miR-6751-5p	-0.192928548470986	-0.192928548470986	-0.192928548470986	-0.192928548470986	-0.192928548470986	-0.192928548470986
hsa-miR-6755-5p	0.265805090364789	-0.296174238392612	-0.12516555074122	-0.296174238392612	-0.296174238392612	0.15919947613871
hsa-miR-6763-5p	-0.151791238177107	-0.151791238177107	-0.151791238177107	-0.151791238177107	-0.151791238177107	-0.151791238177107
hsa-miR-676-3p	0.486083709668848	-0.0758956190885537	-0.0758956190885537	-0.0758956190885537	-0.0758956190885537	-0.0758956190885537
hsa-miR-6769b-5p	0.561979328757402	0	0	0	0	0
hsa-miR-6772-3p	-0.427852392545695	-0.989831721303097	-0.818823033651705	-0.989831721303097	-0.270058209152175	0.364878775323245
hsa-miR-6776-5p	-0.10892607143819	-0.10892607143819	-0.10892607143819	-0.10892607143819	-0.10892607143819	-0.10892607143819
hsa-miR-6779-3p	0.561979328757402	0	0.171008687651392	0	0.387587490732502	0
hsa-miR-6779-5p	0.421485794546764	-0.140493534210637	0.944883302085105	-0.140493534210637	-0.140493534210637	0.314880180320685
hsa-miR-6780a-5p	-0.364787969314717	-0.364787969314717	-0.364787969314717	-0.364787969314717	-0.364787969314717	-0.364787969314717
hsa-miR-6780b-5p	-0.10892607143819	-0.10892607143819	-0.10892607143819	-0.10892607143819	-0.10892607143819	-0.10892607143819
hsa-miR-6782-3p	0	0	0	0.469141936297292	0	0.954733517030052
hsa-miR-6783-3p	0.240552401510159	0.434134872636589	-0.321426927247243	-0.321426927247243	0.0661605634852593	0.133946787284079
hsa-miR-6786-3p	0.301262019142104	-0.260717309615298	-0.0897086219639056	-0.260717309615298	0.459056202535624	-0.260717309615298
hsa-miR-6786-5p	-0.0758956190885537	-0.0758956190885537	-0.0758956190885537	-0.0758956190885537	-0.0758956190885537	-0.0758956190885537
hsa-miR-6793-5p	-0.147902940686969	-0.147902940686969	-0.147902940686969	-0.147902940686969	-0.147902940686969	0.307470773844353
hsa-miR-6794-3p	-0.117032929382432	-0.117032929382432	-0.117032929382432	-0.117032929382432	-0.117032929382432	0.33834078514889
hsa-miR-6797-3p	0.410188090580295	-0.151791238177107	-0.151791238177107	-0.151791238177107	-0.151791238177107	-0.151791238177107
hsa-miR-6797-5p	-0.0645979151220837	-0.0645979151220837	-0.0645979151220837	0.404544021175208	-0.0645979151220837	-0.0645979151220837
hsa-miR-6798-3p	-0.268824167559539	-0.268824167559539	-0.0978154799081474	-0.268824167559539	-0.268824167559539	0.186549546971783
hsa-miR-6799-3p	0.126352112020234	-0.435627216737168	-0.435627216737168	-0.435627216737168	-0.0480397260046657	-0.435627216737168
hsa-miR-6800-5p	0	0	0	0	0.387587490732502	0.455373714531322
hsa-miR-6806-3p	0.421485794546764	-0.140493534210637	0.0305151534407546	-0.140493534210637	0.247093956521865	-0.140493534210637
hsa-miR-6807-5p	0.561979328757402	0	0	0.469141936297292	0	0
hsa-miR-6808-3p	0.497381413635318	-0.0645979151220837	-0.0645979151220837	-0.0645979151220837	-0.0645979151220837	-0.0645979151220837
hsa-miR-6811-5p	-0.356739515784834	-0.356739515784834	0.728637320510908	-0.356739515784834	-0.356739515784834	0.0986341987464876
hsa-miR-6812-3p	0.497381413635318	-0.0645979151220837	-0.0645979151220837	-0.0645979151220837	-0.0645979151220837	-0.0645979151220837
hsa-miR-6812-5p	-0.159122252838342	-0.159122252838342	-0.159122252838342	-0.159122252838342	-0.159122252838342	-0.159122252838342
hsa-miR-6813-5p	0.561979328757402	0	0	0	0	0
hsa-miR-6818-3p	-0.192928548470986	-0.192928548470986	-0.0219198608195936	-0.192928548470986	-0.192928548470986	-0.192928548470986
hsa-miR-6819-5p	0	0	0	0.469141936297292	0	0.455373714531322
hsa-miR-6820-3p	-0.307025193525311	-0.307025193525311	-0.307025193525311	-0.307025193525311	-0.307025193525311	-0.307025193525311
hsa-miR-6827-3p	-0.10892607143819	-0.10892607143819	-0.10892607143819	-0.10892607143819	-0.10892607143819	-0.10892607143819
hsa-miR-6827-5p	0.183835493330831	0.58334367458087	0.111674727779341	-0.843058789250711	-0.123285277099789	0.111674727779341
hsa-miR-6828-5p	0.561979328757402	0	0	0	0	0
hsa-miR-6832-5p	0.561979328757402	0	0.171008687651392	0	0	0
hsa-miR-6833-3p	-0.173523986560274	-0.173523986560274	-0.173523986560274	-0.173523986560274	-0.173523986560274	-0.173523986560274
hsa-miR-6835-5p	0	0	0.653556428629142	0	0	0
hsa-miR-6837-3p	-0.10892607143819	-0.10892607143819	0.0620826162132017	-0.10892607143819	-0.10892607143819	-0.10892607143819
hsa-miR-6837-5p	-0.10892607143819	-0.10892607143819	-0.10892607143819	-0.10892607143819	-0.10892607143819	-0.10892607143819
hsa-miR-6840-5p	0	0	0.954733517030052	0	0	0.455373714531322
hsa-miR-6842-3p	0.631249844342422	-1.0932948931166	-0.241013351104178	0.634742448780842	-0.102327234849998	0.934325605608652
hsa-miR-6845-5p	0.561979328757402	0	0.171008687651392	0.469141936297292	0	0
hsa-miR-6846-5p	-0.10892607143819	-0.10892607143819	-0.10892607143819	-0.10892607143819	-0.10892607143819	-0.10892607143819
hsa-miR-6847-3p	0	0	0.653556428629142	0	0.387587490732502	0
hsa-miR-6847-5p	-0.17914130901018	0.576420490873651	-0.00813262135878845	-0.17914130901018	-0.17914130901018	0.276232405521142
hsa-miR-6852-3p	0.421485794546764	-0.140493534210637	0.513062894418505	-0.140493534210637	-0.140493534210637	0.314880180320685
hsa-miR-6852-5p	0.444412112136647	-0.177362274964873	0.803358750865897	-0.463782138551413	0.525254316006877	0.0218094421813471
hsa-miR-6853-3p	0	0	0.171008687651392	0.469141936297292	0	0.455373714531322
hsa-miR-6854-5p	-0.295805881373937	-0.295805881373937	-0.124797193722545	-0.295805881373937	-0.295805881373937	-0.295805881373937
hsa-miR-6857-3p	-0.223798559775522	-0.223798559775522	-0.0527898721241302	-0.223798559775522	0.4959749523754	-0.223798559775522
hsa-miR-6858-3p	-0.181630844504516	-0.181630844504516	-0.0106221568531237	-0.181630844504516	-0.181630844504516	-0.181630844504516
hsa-miR-6859-3p	0.561979328757402	0	0	0	0	0
hsa-miR-6859-5p	0.453053257319212	-0.10892607143819	-0.10892607143819	0.360215864859102	-0.10892607143819	0.346447643093132
hsa-miR-6866-5p	0.126009007622063	0.319591478748493	0.649406515160403	1.15258226509892	0.283803191015583	0.518763195894713
hsa-miR-6868-3p	0.497381413635318	-0.0645979151220837	-0.0645979151220837	-0.0645979151220837	-0.0645979151220837	-0.0645979151220837
hsa-miR-6869-5p	-0.264935870069401	-0.264935870069401	-0.0939271824180086	0.204206066227892	0.454837642081521	0.190437844461921
hsa-miR-6870-3p	0	0	0.653556428629142	0	0	0
hsa-miR-6871-3p	-0.299615787048979	-0.299615787048979	-0.299615787048979	-0.299615787048979	-0.299615787048979	-0.299615787048979
hsa-miR-6871-5p	-0.296174238392612	-0.296174238392612	-0.296174238392612	-0.296174238392612	0.0914132523398896	0.15919947613871
hsa-miR-6873-3p	-1.0810903451205	0.778433083714128	-0.427533916491362	-0.126356828090452	-0.126356828090452	-0.126356828090452
hsa-miR-6875-3p	0.561979328757402	0	0	0	0	0
hsa-miR-6875-5p	0.561979328757402	0	0	0	0	0
hsa-miR-6879-5p	-0.0758956190885537	-0.0758956190885537	-0.0758956190885537	-0.0758956190885537	-0.0758956190885537	-0.0758956190885537
hsa-miR-6881-3p	-0.497121102103789	-0.497121102103789	0.156435326525353	-0.497121102103789	-0.109533611371287	-0.0417473875724672
hsa-miR-6884-3p	-0.10892607143819	-0.10892607143819	0.0620826162132017	-0.10892607143819	-0.10892607143819	-0.10892607143819
hsa-miR-6884-5p	-0.147902940686969	-0.147902940686969	-0.147902940686969	-0.147902940686969	-0.147902940686969	0.307470773844353
hsa-miR-6886-3p	0.486083709668848	-0.0758956190885537	-0.0758956190885537	-0.0758956190885537	-0.0758956190885537	-0.0758956190885537
hsa-miR-6886-5p	-0.0758956190885537	-0.0758956190885537	0.577660809540588	-0.0758956190885537	0.311691871643948	-0.0758956190885537
hsa-miR-6894-5p	0.561979328757402	0	0	0	0	0
hsa-miR-708-3p	-0.352050801309328	0.403510998574504	0.602682715720724	0.117091134987964	-0.352050801309328	0.602682715720724
hsa-miR-708-5p	-0.32984774080361	-0.891827069561012	0.0629064474690404	0.69672551667325	-0.17205355741009	-0.891827069561012
hsa-miR-7113-5p	-0.442348154119813	-0.442348154119813	-0.442348154119813	0.0267937821774789	-0.0547606633873112	-0.442348154119813
hsa-miR-7114-5p	0.533489157537425	-0.493405125044117	-0.493405125044117	-0.493405125044117	-0.493405125044117	-0.493405125044117
hsa-miR-7-1-3p	-0.0825322028878048	0.935844079843865	0.596840560747435	0.302528478019705	1.12084197208001	0.789364318087125
hsa-miR-744-3p	-0.76743358260716	0.53011051747007	0.40686991435004	0.0252975852617801	0.8301315312398	0.27843043053169
hsa-miR-744-5p	0.459596910527862	-0.448541105769268	0.279870561760292	-0.508390778644268	-0.0485626128665366	0.0922811536596218
hsa-miR-760	0.589654032363767	-0.100818722219343	0.493572041130897	0.233009776931696	0.181492060780157	0.310973660524736
hsa-miR-766-3p	0.133242649936218	-0.0802349133706222	0.205433563519178	0.635017017181118	-0.589934118555462	0.315841030542378
hsa-miR-769-3p	-0.0814209998211282	-0.227594804221148	0.0831459626309416	-0.216454876079568	0.229150127080012	0.392988304287072
hsa-miR-769-5p	-0.317330582590907	0.132226134071082	-0.189420798982397	0.920586971915922	-0.189420798982397	-0.146948949415897
hsa-miR-7844-5p	-0.8063067366742	-0.0507449367903681	0.148426780355852	-0.337164800376908	-0.8063067366742	-0.350933022142878
hsa-miR-7850-5p	0.369050780286416	-0.192928548470986	-0.192928548470986	-0.192928548470986	-0.192928548470986	-0.192928548470986
hsa-miR-7851-3p	-0.0645979151220837	-0.0645979151220837	-0.0645979151220837	-0.0645979151220837	0.655175597028838	0.390775799409238
hsa-miR-7974	0.348333105741242	-0.429262326762748	0.372234300285722	0.275553749661482	-0.0756757619435184	0.329562276319142
hsa-miR-7976	-0.317076112051756	-1.56721154540258	-0.00650498515061626	-0.00650498515061626	-0.317076112051756	-0.163228902682047
hsa-miR-7977	-0.0758956190885537	-0.0758956190885537	-0.0758956190885537	-0.0758956190885537	-0.0758956190885537	-0.0758956190885537
hsa-miR-874-3p	-0.453970863842739	-0.753991877612469	-0.225045592667668	-0.129916164665829	-0.423745974791098	-0.297246946311308
hsa-miR-877-3p	0.142157039904637	0.622829421416447	0.527217720812147	-0.212229413613213	-0.265629738473063	0.749328449896237
hsa-miR-877-5p	0.514507877667914	-0.438483709332797	0.688261373490754	0.125486099097813	-0.794557331809937	0.270454585090874
hsa-miR-885-5p	-0.10892607143819	-0.10892607143819	-0.10892607143819	-0.10892607143819	0.278661419294312	-0.10892607143819
hsa-miR-92a-1-5p	0.49347613458424	-0.22598528567396	0.45377235719084	-0.54509126035375	0.0643519200128901	0.0643519200128901
hsa-miR-92a-3p	0.1074595099037	0.1074595099037	-0.0561543644090001	-0.0561543644090001	-0.417814171859499	-0.1500815570204
hsa-miR-92b-5p	0.57582604735132	-0.37118832237306	0.24431978564331	-0.14724497231237	0.16639819273968	-0.0285250902851102
hsa-miR-93-3p	0.346188196019878	-0.230983890671491	0.0828620908027888	0.109368311840568	0.306230440018589	-0.151481213138111
hsa-miR-937-5p	0.293155161197862	-0.268824167559539	-0.0978154799081474	0.685909349470513	0.450949344591383	0.186549546971783
hsa-miR-940	-0.670089082435994	0.0854727174478376	0.684621414190348	-0.200947146138702	-0.282501591703492	0.284644434594058
hsa-miR-942-5p	0.018789201259775	0.429994073999845	-0.127214963189295	0.018789201259775	0.182627378466835	0.381745376077485
hsa-miR-943	0.353416554024972	0.752924735275012	-0.0199212999274283	-0.67347772855657	-0.285890237824068	-0.67347772855657
hsa-miR-95-3p	0.427239243477136	-1.28185770666706	-0.196480870371313	-0.812715770369763	0.0194524650994365	0.711634177603386
hsa-miR-9-5p	-0.257415139616834	0.278647863853206	-0.0531161838089638	-0.210984442316404	0.465195333637186	0.0457446713809562
hsa-miR-96-5p	-0.240757234554247	0.118598453731524	-0.479064978714126	0.305704394955244	0.305704394955244	-0.185645578155876
hsa-miR-98-5p	-0.249840501249063	0.318939691246267	0.341484386200507	-0.378582794376313	0.550560968683047	0.671288337289396
hsa-miR-9898	0.369050780286416	-0.192928548470986	-0.192928548470986	-0.192928548470986	-0.192928548470986	-0.192928548470986
hsa-miR-9903	-0.307025193525311	0.448536606358521	0.647708323504741	0.162116742771981	0.0805622972071913	-0.307025193525311
hsa-miR-9985	0.374456403334316	-0.247317983767204	0.351830712975306	-0.0481462666209842	0.298430388115456	0.856643645183596
hsa-miR-99a-5p	-0.190203190159917	0.0535976291903832	0.0535976291903832	0.329020309303484	-0.527439439931616	-0.258713322574716
hsa-miR-99b-5p	0.303603735845901	-0.0515232761307995	0.303603735845901	-0.0515232761307995	-0.3047387873287	-0.0515232761307995
