gene.index	RP.Rsum	FC..class1.class2.	pfp	P.value
EFHD1	762	9.379	-1.71311885221184	0.002631	8.648e-07
DIABLO	680	10.91	-1.47353049535917	0.002326	1.529e-06
BSG	309	11.72	-1.42778940668769	0.002022	1.994e-06
TRIM38	2791	11.91	-1.39782820924662	0.001611	2.118e-06
PPP3R1	1960	14.52	-1.29265191251673	0.002674	4.396e-06
BRI3BP	305	15.53	-1.32156746620385	0.002823	5.567e-06
FUNDC2	942	16.64	-1.19627699322584	0.003079	7.084e-06
AKAP12	97	17.04	-1.18082233445723	0.002926	7.694e-06
BOD1L1	299	17.55	-1.18213119827201	0.002878	8.513e-06
PAK4	1769	17.6	-1.16004041251047	0.002617	8.604e-06
OARD1	1724	18.72	-1.20689485194112	0.002936	1.062e-05
AKAP9	101	19.95	-1.14369151028256	0.003339	1.317e-05
JUP	1250	20.35	-0.77595972578207	0.003295	1.408e-05
OCRL	1729	20.43	-0.99596609871551	0.003102	1.427e-05
IGFBP4	1195	21.3	-1.07612822646992	0.003329	1.642e-05
INTS3	1213	24.11	-1.18869338853022	0.004713	2.479e-05
TOE1	2758	24.73	-0.717619505361394	0.004821	2.694e-05
BET1	290	27.2	-0.727857338035824	0.006217	3.679e-05
WDR92	2987	30	-0.981365825860949	0.008079	5.046e-05
GOSR1	1024	30.97	-0.575830351197362	0.008498	5.587e-05
GINS1	979	31.56	-1.02826333326376	0.008595	5.933e-05
SIKE1	2440	32.64	-1.44379132826041	0.009136	6.607e-05
ARGLU1	185	34.23	-1.17722906973322	0.01016	7.685e-05
UPP1	2902	34.82	-0.551944832282812	0.01028	8.11e-05
ACTR10	51	35.22	-0.54814270552346	0.01023	8.404e-05
TRIM21	2786	36.39	-0.530739153384002	0.0109	9.317e-05
F8A1	872	37.02	-1.17788172527066	0.01108	9.832e-05
VMP1	2948	37.42	-0.825465745305098	0.01105	0.0001017
PTRHD1	2078	37.48	-0.537842952152605	0.01072	0.0001022
ENPP4	826	39.49	-0.502055578122257	0.01219	0.0001202
AGRN	80	43.03	-0.982220587438765	0.0154	0.0001569
DSP	726	48.73	-0.446934455954395	0.02184	0.0002298
MFN1	1432	50.16	-0.751951001562794	0.02313	0.0002509
SOGA1	2531	51.08	-0.423526234895169	0.02372	0.0002651
PGM3	1847	51.78	-0.43089782704644	0.02401	0.0002763
EMG1	820	53.13	-0.431481402207456	0.02523	0.0002986
LIG1	1321	53.23	-0.414076023041399	0.02469	0.0003003
ELMOD2	811	53.63	-0.966066088558068	0.02459	0.0003071
PHYHD1	1860	55.29	-0.45166202449138	0.02625	0.0003366
ESD	850	56.3	-0.404878308003828	0.02702	0.0003554
MARK2	1395	58.56	-0.400682206301774	0.02966	0.0003998
ZFAND5	3029	59.42	-0.408512061602057	0.03025	0.0004177
PLXNA1	1888	60.62	-0.393652533275428	0.03135	0.0004432
ATP6V1D	253	60.78	-0.388355456626338	0.03088	0.0004466
PEG10	1824	61.09	-0.395738860523894	0.03066	0.0004535
MARCH5	1392	62.07	-0.386845571568701	0.03143	0.0004753
AKAP8	99	63.04	-0.956795501434832	0.03222	0.0004978
SSSCA1	2591	65.34	-0.391001563823334	0.03507	0.0005534
NCOR1	1581	65.94	-0.438698305854631	0.03529	0.0005685
DNM1L	706	66.12	-0.50984065971628	0.03487	0.0005731
SNRPD1	2509	66.88	-0.372766723509125	0.03535	0.0005927
UTP15	2926	69.24	-0.367917950710293	0.03838	0.000656
TRIO	2792	69.41	-0.358084096524887	0.03793	0.0006609
SLC20A1	2448	69.46	-0.355497627581064	0.03731	0.0006623
USP19	2918	69.77	-0.354759487354735	0.0371	0.0006708
TMA16	2730	69.87	-0.349235440883098	0.0366	0.0006738
RBM17	2165	75.51	-0.345381155038874	0.04509	0.0008448
ACOT2;ACOT1	35	76.67	-0.339162632303716	0.04631	0.000883
VPS33A	2953	77.09	-0.343732465205711	0.04625	0.0008971
ZNF185	3034	80.01	-0.384772056421174	0.05063	0.0009986
ACP1	39	82.12	-0.33606339364483	0.05367	0.001076
ZNF428	3037	86.03	-0.749038426466781	0.06033	0.00123
PLK1	1882	86.76	-0.317426702652422	0.06083	0.00126
CDK12	430	88.3	-0.306145097646435	0.06296	0.001325
FDFT1	904	88.56	-0.363456578648199	0.06251	0.001336
RASGEF1C	2154	89.14	-0.305966733914874	0.06272	0.001361
KIF15	1269	92.07	-0.301692606485373	0.06772	0.001492
EPS8	837	92.47	-0.72046927427001	0.06754	0.00151
ADI1	63	93.7	-0.294243217950203	0.0691	0.001567
MRPL1	1470	94.1	-0.297963104087316	0.06894	0.001586
OAS3	1725	96.41	-0.311327261660857	0.07277	0.001698
LOXL2	1339	96.69	-0.289474557661403	0.07236	0.001713
MRPL53	1489	97.84	-0.284370159463337	0.07378	0.00177
CDKN2AIP	436	99.83	-0.285952351222233	0.07701	0.001873
CLASP1	481	100.5	-0.291592016516404	0.07751	0.001911
PRPSAP1	2008	101.9	-0.817816230878532	0.07932	0.001982
TRMT1L	2800	101.9	-0.303115909144546	0.0784	0.001985
UBE2G2	2859	102.1	-0.274215225257745	0.0779	0.001997
EMC1	816	104	-0.279108683752437	0.08076	0.002097
EEF1A2	756	104	-0.293712587756926	0.07988	0.002101
PRC1	1969	104.3	-0.283667519712013	0.07947	0.002116
IP6K1	1215	104.7	-0.291768611784497	0.07937	0.002139
CAMK2G;CAMK2B	351	112.2	-0.263438417009447	0.0949	0.002589
SSBP1	2585	112.5	-0.307751364326621	0.09466	0.002614
UQCC2	2904	112.7	-0.261534782660224	0.09394	0.002625
RDH14	2184	113.8	-0.491267120487599	0.09524	0.002693
ACAD9	23	116.6	-0.313118539567772	0.1006	0.002878
WDR26	2975	118.3	-0.251710526629585	0.1035	0.002994
EXOC1	859	119.2	-0.258252591724484	0.1045	0.003057
TSTA3	2813	122.4	-0.284370159463337	0.1112	0.003291
FBXO30	903	122.7	-0.268121651191569	0.1107	0.00331
NIPSNAP1	1632	124.3	-0.416769772900081	0.1134	0.003431
UBE4B	2873	125.7	-0.244343265591761	0.1156	0.003533
FNBP1	930	127.8	-0.24947924481767	0.1195	0.003693
HOMER3	1140	133.1	-0.248107861595691	0.1319	0.004121
BUD31	315	133.7	-0.25877033622704	0.1322	0.004171
WDR6	2981	133.7	-0.229720656790274	0.1309	0.004175
ACAA2	21	135.3	-0.231244004778117	0.1336	0.004305
VPS4A	2958	139.4	-0.226341186889638	0.1434	0.004667
AURKA	264	139.8	-0.232260464454422	0.1431	0.004704
JAKMIP1	1249	141	-0.703689439291908	0.145	0.004813
PHF5A	1856	144.2	-0.220278018792927	0.1522	0.005103
UBE2S	2867	145	-0.231413364999112	0.1529	0.005178
GLB1	981	148.3	-0.215077298437139	0.1606	0.00549
DIAPH3	683	148.6	-0.232768962976124	0.16	0.005524
PEPD	1826	149.4	-0.216250016992825	0.1608	0.005605
DEGS1	660	149.7	-0.215412263621112	0.1601	0.005632
BCAR3	283	149.7	-0.2397364653786	0.1587	0.005634
ATRX	258	150.3	-0.215244771307591	0.1588	0.005691
GSS	1046	150.7	-0.213905532370957	0.1583	0.005725
KIAA1033	1262	151.6	-0.212901918388995	0.1596	0.005824
UBLCP1	2875	152.3	-0.23990682554186	0.1599	0.005888
GPRC5C	1034	152.8	-0.216082427396204	0.1599	0.005939
APOB	163	154.7	-0.280159444935732	0.1638	0.006139
DIP2B	685	156.1	-0.213570916796944	0.166	0.006276
MPST	1466	156.6	-0.228029932301811	0.1661	0.006333
CSNK2A2	569	159.4	-0.207894294337095	0.1725	0.006636
CSTF2	577	162.4	-0.220614193801064	0.1793	0.006955
RPS6KA3	2310	164	-0.208060935404666	0.1823	0.007133
NDUFB8	1599	164.1	-0.211063770755173	0.1812	0.007148
SDF2	2377	165.1	-0.202073950274122	0.1824	0.007256
WBP2	2968	166.4	-0.199089748941648	0.1848	0.007412
CCDC93	395	168	-0.251710526629585	0.1877	0.007588
NDUFA5	1591	168.1	-0.199089748941648	0.1865	0.007603
NOMO2;NOMO3	1652	168.3	-0.202571917847687	0.1855	0.007622
SMURF2	2496	168.3	-0.199586687361243	0.1841	0.007624
RBM5	2172	168.3	-0.199255376063222	0.1827	0.007627
AQR	171	172.5	-0.199421022201632	0.1929	0.008116
WDR3	2976	173.6	-0.211230778342427	0.1947	0.008255
NUTF2	1720	173.8	-0.194955238629597	0.1937	0.008277
CIRH1A	471	177.2	-0.194129756521541	0.2017	0.008688
NELFCD	1616	178.4	-0.25463357341883	0.2037	0.008838
GPATCH8	1027	178.8	-0.208227595722634	0.2033	0.008888
SNX17	2519	181.8	-0.190009416024795	0.2106	0.009277
CPSF3	554	182.8	-0.195615964558658	0.2117	0.009397
METAP2	1430	183.4	-0.230566762638752	0.2121	0.009482
PCYT2	1797	184.3	-0.190503235999115	0.213	0.009594
CISD2	473	189.9	-0.196772963565072	0.2278	0.01033
WDR82	2986	190.1	-0.18311362598508	0.2269	0.01037
EIF4G3	802	191.9	-0.199586687361243	0.2305	0.01061
ARHGAP5	191	192	-0.194955238629597	0.229	0.01062
ATG5	225	194.6	-0.182131198272013	0.2351	0.01097
NFIC	1623	194.7	-0.180331816503544	0.2339	0.011
SIN3A	2441	196.2	-0.221118603237199	0.2367	0.0112
RBBP6	2158	196.3	-0.247251408592866	0.2352	0.01121
IDH3G	1184	200.1	-0.177229069733224	0.2451	0.01176
MSRA	1511	201.8	-0.250337021786211	0.2485	0.01201
GET4	973	202.6	-0.276834656542415	0.249	0.01211
AMPD2	123	202.8	-0.177065951971629	0.2479	0.01214
HECTD1	1086	205.1	-0.179024583394838	0.2532	0.01249
NDRG3	1586	205.3	-0.177229069733224	0.2519	0.01251
GLG1	982	206	-0.178044935298647	0.2524	0.01261
THOC3	2701	206	-0.177229069733224	0.2509	0.01262
GSTT2B;GSTT2	1052	206.9	-0.180822334457232	0.2517	0.01274
DUSP12	731	207	-0.18984484692168	0.2505	0.01277
GOT2	1026	207.7	-0.190997225060914	0.251	0.01287
MOV10	1458	208.5	-0.255322210682926	0.2517	0.01299
FRYL	935	208.5	-0.177392205939751	0.2501	0.01299
MRPL24	1478	209.6	-0.170718702002469	0.2517	0.01315
PRDX4	1975	210.7	-0.170881103650739	0.2533	0.01332
AIM1	89	211.2	-0.199089748941648	0.2531	0.0134
PFKM	1837	211.9	-0.222632890549587	0.2534	0.0135
LAMP2	1299	212	-0.172343541729226	0.2523	0.01352
BRAT1	303	213.8	-0.205396985351244	0.2559	0.0138
SAP30BP	2356	216.1	-0.170718702002469	0.2611	0.01416
NHP2	1628	216.8	-0.175598721451584	0.2613	0.01426
MICAL2	1439	216.9	-0.166178862209418	0.2602	0.01428
EPHX1	832	217.1	-0.173970213500261	0.2591	0.01431
WDR62	2983	218.2	-0.167636539051698	0.2607	0.01448
VPS45	2957	219.8	-0.168771306825942	0.2639	0.01475
RMDN1	2208	220.2	-0.185572626138752	0.2633	0.0148
RALBP1	2139	220.3	-0.206228941455776	0.262	0.01482
HS1BP3	1146	222.2	-0.17869796011047	0.266	0.01513
ARHGEF18	196	222.4	-0.208560974127558	0.265	0.01516
VAMP4	2932	225.8	-0.168933489394927	0.2732	0.01572
PRKCDBP	1988	225.9	-0.166502663140165	0.2719	0.01573
USP39	2920	226.6	-0.170231606716465	0.2725	0.01585
EIF2B5	778	227.1	-0.159879226538468	0.2722	0.01593
POLD2	1902	228.5	-0.164560946775875	0.2747	0.01616
ATP5J2	244	230.3	-0.161169218837124	0.2783	0.01647
RAP1A	2147	231.8	-0.158751428693752	0.2812	0.01673
ARPC1A	208	235.4	-0.157946398238798	0.2898	0.01734
FIBP	911	238.4	-0.158751428693752	0.2972	0.01788
OSGEP	1745	239.3	-0.208560974127558	0.2982	0.01803
SPCS3	2544	239.7	-0.245540026374521	0.2976	0.0181
METTL13	1431	240	-0.170881103650739	0.2969	0.01815
ZC3H4	3024	241.7	-0.154249033026011	0.3002	0.01845
TRIM26	2788	242.6	-0.169095690197941	0.3013	0.01862
IDH3A	1182	242.8	-0.165693297037092	0.3004	0.01866
TAF10	2656	245.2	-0.154249033026011	0.3056	0.01909
DNAAF5	694	245.7	-0.161491897219344	0.3055	0.01918
PRKRA	1992	246.5	-0.160362838490331	0.3063	0.01933
GLO1	984	246.6	-0.151362038095294	0.3049	0.01934
EED	754	247.2	-0.155533998633904	0.3052	0.01946
KIF3A	1274	247.3	-0.168284868482175	0.3038	0.01947
LUC7L3	1364	249	-0.154570167148848	0.3073	0.0198
SRGAP2;SRGAP2B;SRGAP2C	2557	250	-0.155694699836063	0.3085	0.01998
SMN1	2491	253.1	-0.162944843726976	0.3159	0.02056
C19orf52	327	253.2	-0.15072126746922	0.3147	0.02059
SMARCB1	2478	254.3	-0.151682530163898	0.3164	0.0208
TTC9C	2815	254.7	-0.150080781314021	0.316	0.02088
GBF1	965	255.9	-0.147841316336962	0.3178	0.0211
TRIP12	2796	256.9	-0.148480808830096	0.319	0.02129
SMARCA4	2476	257.5	-0.147521676357613	0.3194	0.02142
FAM111A	879	257.7	-0.156820109742826	0.3183	0.02145
MVB12A	1528	258	-0.151201818755811	0.3177	0.02152
NLE1	1635	261.6	-0.157946398238798	0.3265	0.02222
ARMT1	207	261.9	-0.167150483106546	0.3257	0.02227
MACF1	1371	262.6	-0.366801313625996	0.3263	0.02242
MTX2	1526	263	-0.14496710279792	0.3257	0.02248
WAC	2963	263	-0.181476617933702	0.3242	0.02249
THOC2	2700	264.8	-0.146563181111933	0.3279	0.02285
NO66	1643	265.1	-0.145924537878446	0.3272	0.02291
MYL6	1541	266.4	-0.144010302691519	0.3295	0.02318
CRNKL1	560	268.9	-0.141302809961666	0.3351	0.02369
HNRNPLL	1134	271.6	-0.15200309344505	0.3414	0.02424
CIT	474	272.1	-0.145445740913747	0.3411	0.02433
AP3B1	152	274.3	-0.142417044615852	0.3459	0.02479
ERBB2IP	840	275.5	-0.141780233728934	0.3478	0.02504
PWP2	2088	276.2	-0.172831350707969	0.3484	0.02519
ABHD14B	16	276.2	-0.139871485877112	0.3469	0.0252
TMEM43	2743	276.3	-0.14337278830161	0.3454	0.02521
WTAP	2992	277.2	-0.159556908610208	0.3466	0.02541
CDK6	434	277.3	-0.138441580427971	0.3454	0.02544
MTOR	1523	278.7	-0.139871485877112	0.3477	0.02572
HYI	1173	278.7	-0.141780233728934	0.3463	0.02573
TSEN15	2807	279.3	-0.155373315330192	0.3465	0.02586
TTI1	2816	280	-0.143691510282557	0.347	0.02601
NUP205	1708	280.6	-0.137806521524401	0.347	0.02612
SCOC	2373	281.1	-0.170069278160357	0.3469	0.02623
PSMB9	2031	281.6	-0.186064929518683	0.3469	0.02634
UBAP2	2854	282.2	-0.183277428998698	0.347	0.02647
PRKAG1	1984	282.9	-0.137965260044767	0.3476	0.02662
UBQLN4	2878	283.6	-0.145126631193161	0.3481	0.02678
CHML	458	284.5	-0.21943792382894	0.3492	0.02697
PPM1B	1934	285.1	-0.142257815539934	0.3494	0.02711
MOGS	1455	285.8	-0.135269077685249	0.3497	0.02725
IDH3B	1183	286.3	-0.13574450858126	0.3498	0.02737
AP2M1	150	286.7	-0.13511063553025	0.3493	0.02745
DDX58	657	294.9	-0.132736088923711	0.3711	0.02928
ZC3HAV1L	3027	296.2	-0.147521676357613	0.3733	0.02957
FUT8	944	296.6	-0.300803754851756	0.373	0.02967
CGGBP1	451	298	-0.145924537878446	0.3754	0.02999
SAMM50	2355	298.4	-0.130681305171095	0.375	0.03008
PDE12	1805	301.4	-0.130049652341001	0.3822	0.03078
DENR	662	301.8	-0.130681305171095	0.3819	0.03088
NBN	1567	303.8	-0.137806521524401	0.3859	0.03133
UBE2A	2856	304.7	-0.133527170284152	0.3871	0.03156
RAB3GAP1	2114	306.4	-0.136061549576028	0.3904	0.03195
CUL3	598	306.6	-0.136695840657202	0.3895	0.03201
LANCL2	1302	307.9	-0.130049652341001	0.3916	0.03231
HSD17B4	1151	309.5	-0.127683414249637	0.3946	0.03269
UBE2I	2860	310.9	-0.12784104277106	0.3972	0.03303
POLA1	1900	313.9	-0.12736820886475	0.4043	0.03376
PLRG1	1885	314.1	-0.131155226349479	0.4035	0.03382
MTCH2	1518	314.5	-0.126580496565143	0.4031	0.03392
ERCC6L	842	315.5	-0.13574450858126	0.4042	0.03415
PDS5B	1818	315.6	-0.142257815539934	0.403	0.03418
BCAP29	280	318	-0.126423005703037	0.4083	0.03476
POLR1B	1907	322.3	-0.483379653361834	0.4194	0.03585
CLPB	490	323.5	-0.122334266203342	0.4213	0.03615
KIF4A	1276	327	-0.132419777797495	0.4299	0.03703
MIA2	1437	329.8	-0.131313234677865	0.4367	0.03776
COX5A	542	330.7	-0.143850897681591	0.4376	0.03798
MEPCE	1426	331.5	-0.130997235324748	0.4384	0.03819
LMF2	1331	332.3	-0.121078520250149	0.4391	0.0384
DCAF13	620	332.9	-0.121235428732646	0.4393	0.03855
JAK1	1248	333.3	-0.121078520250149	0.4388	0.03866
PBK	1784	333.8	-0.127210631993763	0.4385	0.03878
SRSF4	2577	334.3	-0.120921628831269	0.4384	0.03891
SH3KBP1	2436	334.3	-0.122020227229335	0.4368	0.03891
ATP6AP2	247	339	-0.125950636244774	0.4491	0.04016
NDUFA13	1589	340.7	-0.118570302661484	0.4525	0.04061
HERC4	1087	341.8	-0.127053072332066	0.454	0.0409
NELFB	1615	343.3	-0.120294233717712	0.457	0.04131
PVR	2085	344.2	-0.117787378107137	0.4578	0.04154
CRTAP	561	344.4	-0.116535581897678	0.4569	0.0416
RAB10	2100	345	-0.115597447016313	0.457	0.04176
DDX18	640	346.2	-0.13574450858126	0.4588	0.04208
MAP1S	1380	346.3	-0.149440579377228	0.4575	0.04211
GPS1	1035	347.7	-0.115284870903967	0.4601	0.0425
PITRM1	1870	349.7	-0.114816133679649	0.4643	0.04304
SPTLC2	2552	350.2	-0.125950636244774	0.4641	0.04318
ARHGAP35	190	351.4	-0.124691739968656	0.4661	0.04352
AKT2	107	352	-0.134160347841338	0.466	0.04366
ZCCHC8	3028	352.3	-0.142257815539934	0.4653	0.04375
TUBB3	2824	353.3	-0.113723005382915	0.4668	0.04404
LRRC8A	1350	353.5	-0.126895529875902	0.4657	0.04409
NCKIPSD	1577	353.6	-0.118413683756604	0.4643	0.04411
RPL28	2251	354.6	-0.131945441103797	0.4659	0.04441
VDAC3	2946	356.7	-0.113254775257891	0.4701	0.04497
ARMC10	204	358	-0.114972362500083	0.4726	0.04536
HYPK	1175	358.2	-0.118413683756604	0.4714	0.04541
ZFPL1	3030	358.4	-0.113566911788942	0.4703	0.04546
FOSL1	932	358.5	-0.113410835081818	0.469	0.04548
CHD4	455	358.8	-0.112630704721118	0.4684	0.04557
RIF1	2203	361	-0.149600603229745	0.4731	0.04619
VAPA	2935	361.2	-0.113098732313508	0.4721	0.04625
RAB21	2108	365.1	-0.111383372931854	0.4821	0.04738
APOBEC3C	165	365.6	-0.110137118634821	0.4818	0.04751
SLBP	2445	370.3	-0.139394693240146	0.494	0.04889
NAGK	1557	373.7	-0.107958760739029	0.5023	0.04987
THOC6	2703	374.1	-0.109514394964469	0.5018	0.04998
CD46	411	1.913	3.94860084749336	3.352e-06	1.102e-09
CNBP	504	2.289	3.73768676140986	3.945e-06	2.594e-09
MEA1	1419	4.481	3.07741392423814	4.851e-05	4.784e-08
LARS	1307	4.762	2.57797256871381	4.66e-05	6.127e-08
TXNRD1	2843	4.762	2.66106547980695	3.728e-05	6.127e-08
VCL	2941	6.952	2.19723635491871	0.0001393	2.747e-07
CAST	372	7.83	1.91532967601301	0.0001889	4.347e-07
ANXA6	141	9.283	1.73335434061383	0.0003163	8.319e-07
PPIA	1924	13.44	1.39889757120247	0.00112	3.315e-06
HNRNPD	1126	13.92	1.3305584000308	0.001147	3.772e-06
RABGGTB	2127	16.66	1.05588975819628	0.001965	7.106e-06
COA6	515	18	0.894526770257395	0.002354	9.285e-06
OXCT1	1751	19.93	0.832687516439532	0.003073	1.313e-05
CTNNBIP1	585	20.46	2.62293035092018	0.003116	1.434e-05
HDHD1	1081	20.54	0.802400040114839	0.002947	1.453e-05
GAPDH	958	21.7	1.00144197417391	0.003325	1.749e-05
SPTAN1	2549	21.77	1.14730669878029	0.003162	1.767e-05
MDN1	1416	31.06	0.546956178141411	0.009534	5.641e-05
WRNIP1	2991	31.53	0.701327257412941	0.009479	5.92e-05
TOMM6	2763	33.01	0.58880456701555	0.01041	6.846e-05
LIMS1	1326	35.66	0.562669826102702	0.01267	8.744e-05
FADS2	874	36.56	0.502839758255932	0.01307	9.456e-05
PURB	2084	40.23	0.523060061795249	0.01686	0.0001275
ICMT	1178	42.45	0.600269753509005	0.01908	0.0001505
IQSEC2	1224	45.42	0.440420720756767	0.02254	0.0001853
NAP1L1	1560	47.18	0.883620816285671	0.02436	0.0002082
MIA3	1438	47.45	0.453122446595813	0.02387	0.0002119
FKBP15	914	47.88	0.425459304765355	0.02366	0.0002177
ARL3	201	49.67	0.421155960662223	0.02555	0.0002435
THUMPD3	2708	49.8	0.425459304765355	0.02488	0.0002454
NDFIP2	1584	50.33	0.416839741912829	0.02488	0.0002535
CARS2	367	51.75	0.432959407276106	0.02621	0.0002758
C17orf85	325	51.85	0.412510571249805	0.02556	0.0002773
ERRFI1	848	52.61	0.422233000683048	0.02593	0.0002898
RPL22	2243	55.48	0.387362540835996	0.02956	0.0003401
PANK2;PANK3	1771	55.64	0.387362540835996	0.02899	0.0003431
SAR1B	2358	55.78	0.485426827170242	0.02841	0.0003456
DPY30	720	55.87	0.500802053057158	0.0278	0.0003473
MRGBP	1469	58.02	0.407080775450501	0.03034	0.000389
RBX1	2177	59.11	0.953078952612507	0.03126	0.000411
PREB	1978	59.73	0.527070335512661	0.03147	0.0004241
ZNF207	3035	63.52	0.396159489073155	0.03686	0.000509
SEC24A	2389	64.87	0.404903122145131	0.03832	0.0005417
SAFB2	2353	64.91	0.359521170427595	0.03752	0.0005427
RPS27L	2301	65.73	0.352758525040637	0.03807	0.0005631
USP4	2921	66.19	0.415758666522498	0.03802	0.0005749
CD82	415	68.64	0.457331625485014	0.0414	0.0006396
SNAP29	2499	70.01	0.34255474547732	0.04296	0.0006778
CD58	412	70.99	0.347098670622268	0.04381	0.0007057
MRPS23	1495	71.02	0.350497247084133	0.04299	0.0007066
LAMA5	1295	71.16	0.34255474547732	0.0424	0.0007109
INPP1	1212	71.55	0.340277404766254	0.04224	0.0007221
NDUFAF2	1596	76.75	0.332278283056929	0.05083	0.0008856
ATP2B4	236	76.87	0.353887836284907	0.05012	0.0008897
TRRAP	2805	77.53	0.34255474547732	0.05045	0.0009121
STUB1	2617	79.68	0.319617934200161	0.05361	0.0009869
SEC16A	2384	79.86	0.318461465167583	0.05301	0.0009933
LAMC1	1298	81.17	0.336854639125465	0.0546	0.001041
CIAPIN1	469	82.27	0.312665173558394	0.0558	0.001082
ME2	1418	83.47	0.337996463515016	0.05719	0.001128
TMEM106B	2737	83.79	0.399444564589458	0.05687	0.00114
HEBP2	1085	86.95	0.303342394487331	0.0622	0.001268
FAM98B	896	87.2	0.31034012061215	0.06172	0.001278
ITGAV	1238	88.5	0.305678743242287	0.06336	0.001333
MTA3	1517	89.14	0.297484915710575	0.06368	0.001361
RABEP2	2125	89.94	0.295135249000818	0.06432	0.001396
IVD	1245	90.15	0.305678743242287	0.0638	0.001405
CMC1	501	95.79	0.2904244038653	0.07463	0.001668
DDX52	655	95.88	0.545968369105292	0.07373	0.001672
AAR2	5	97.18	0.283329168051641	0.07549	0.001737
STXBP3	2626	97.58	0.285698125958125	0.07528	0.001757
CDC73	426	98.23	0.305678743242287	0.07564	0.00179
PARD3	1776	98.26	0.291603558030565	0.07466	0.001792
NVL	1721	100.8	0.319617934200161	0.07902	0.001922
DSG2	725	101.4	0.2904244038653	0.0794	0.001958
TRAM2	2783	103.7	0.312665173558394	0.08349	0.002086
NAF1	1556	105.1	0.486456955768731	0.0854	0.002162
JAG1	1246	105.3	0.3928669162308	0.0848	0.002174
GSR	1045	105.5	0.282143228781498	0.08414	0.002185
PPIL4	1931	106.8	0.276198865032242	0.08607	0.002263
MPP5	1464	108.9	0.284514133244245	0.08965	0.002387
PLS1	1886	110.9	0.265436896049098	0.09314	0.002511
PPIE	1927	111.2	0.259423152281415	0.09275	0.002531
NUDT16L1	1693	111.7	0.259423152281415	0.09262	0.002558
RRAS	2318	113	0.259423152281415	0.09452	0.002641
ANAPC2	124	113.2	0.261831658752137	0.09397	0.002657
TMEM109	2738	116	0.257010618206024	0.09929	0.00284
PDHX	1808	118.1	0.442545456105304	0.103	0.00298
PTPRJ	2075	119.1	0.263034405833794	0.1043	0.00305
CSK	566	119.5	0.250961573533219	0.1041	0.00308
CWC15	603	120.3	0.250961573533219	0.1049	0.003137
RTFDC1	2335	120.4	0.280956313831056	0.104	0.003145
TGFBR2	2696	120.8	0.248534836138679	0.1037	0.003171
INTS7	1214	121.1	0.259423152281415	0.1035	0.003197
MCAM	1404	122.2	0.255802836602718	0.1048	0.003272
PSMG1	2056	122.6	0.246104009883917	0.1046	0.0033
UBR1	2879	123	0.254594043033141	0.1045	0.003331
ETHE1	857	124.8	0.248534836138679	0.1076	0.003467
IST1	1231	125.7	0.242450073677701	0.1086	0.003533
ELOVL1	813	129.6	0.259423152281415	0.1167	0.003837
FTO	937	130.5	0.246104009883917	0.1177	0.003909
TOR1AIP1	2768	130.9	0.238786859587116	0.1176	0.003942
BAP18	275	131	0.237563718317676	0.1166	0.003947
DDX27	645	131.9	0.238786859587116	0.1178	0.004027
STX5	2621	132.5	0.236339539168374	0.1179	0.004071
RAP2B	2150	132.9	0.242450073677701	0.1179	0.004107
CTNNA2	583	133	0.266636642513989	0.117	0.004114
CHMP2A	460	135.7	0.238786859587116	0.1224	0.004344
EXOC7	861	136.2	0.231432408447965	0.1223	0.004381
ZRANB2	3040	136.4	0.238786859587116	0.1217	0.004402
RAB1A	2106	139.3	0.235114320376357	0.1276	0.004658
TACC2	2653	139.6	0.301002256032814	0.1272	0.004683
GPR116	1032	141.3	0.257010618206024	0.1301	0.004831
RFC4	2195	142.9	0.22650852980868	0.133	0.004983
NUDCD2	1689	144.5	0.222804561045261	0.1357	0.00513
PPP1R8	1949	145.6	0.264236151043547	0.1373	0.005234
ARL6IP5	202	146.6	0.306845500314283	0.1387	0.005334
SMG8	2489	148.2	0.237563718317676	0.1415	0.005488
PPP1R13L	1944	150.7	0.22404027421793	0.1466	0.005733
GIGYF2	978	153.2	0.243669080966863	0.1516	0.00598
MAP7D1	1385	156.6	0.214124805352847	0.1592	0.006332
NECAP2	1609	156.9	0.222804561045261	0.1586	0.006362
FAM96B	894	157.1	0.212880566344385	0.1581	0.006391
ZC3H11A	3020	158.6	0.232660756790275	0.1605	0.006543
APBB1IP	156	164.3	0.206643223983395	0.1746	0.007173
CCDC22	388	168.8	0.204140716780225	0.1856	0.007687
HSPA6;HSPA7	1162	172.2	0.200378797984026	0.1937	0.008086
CLPP	491	173.2	0.209141397838592	0.1949	0.008201
DARS2	615	173.4	0.199122642013601	0.1942	0.008235
TAX1BP1	2664	173.8	0.200378797984026	0.1937	0.008279
NOL11	1648	174.4	0.205392512989685	0.1938	0.008347
RFC2	2193	174.9	0.200378797984026	0.1939	0.008414
RAB6A	2120	176.2	0.199122642013601	0.1961	0.008574
CD2BP2	408	177.7	0.197865391353738	0.1988	0.008755
RRAGC;RRAGD	2317	179.2	0.200378797984026	0.2016	0.008945
SETD7	2413	179.4	0.227741075839128	0.2007	0.008973
DAG1	612	180.8	0.277389698810864	0.203	0.009141
TGOLN2	2698	181	0.196607044094818	0.2021	0.00917
ATG9A	226	182.2	0.222804561045261	0.204	0.009323
MRPL51	1488	183.1	0.197865391353738	0.205	0.009436
ARPC5	213	183.3	0.207892851641333	0.2042	0.009464
AAAS	1	184.6	0.190298791626595	0.2064	0.009637
POM121;POM121C	1915	188.2	0.192825403552391	0.2151	0.01011
CRKL	559	189.3	0.189033824390017	0.2168	0.01026
CLIP2	488	191.1	0.263034405833794	0.2201	0.01049
RHOC	2200	196.2	0.181420640280142	0.2336	0.01121
RPL27A	2250	198.3	0.18269229751619	0.238	0.0115
NOP16	1655	198.5	0.18269229751619	0.2368	0.01152
NDUFA12	1588	198.5	0.252173413202027	0.2354	0.01153
GRIPAP1	1038	198.8	0.186500557644495	0.2346	0.01157
CCNH	398	199.5	0.204140716780225	0.2352	0.01168
NSF	1674	205.3	0.176322772640463	0.2504	0.01251
PSMF1	2055	205.4	0.180147861158429	0.2492	0.01253
DERA	663	206.1	0.178873958169795	0.2495	0.01263
GLRX5	988	206.7	0.176322772640463	0.2495	0.01271
DIMT1	684	209.6	0.187767747046025	0.2566	0.01316
MPI	1463	211.5	0.173767067736706	0.2605	0.01344
PPHLN1	1923	212.9	0.183962834842595	0.263	0.01366
CYCS	608	213.7	0.18269229751619	0.2636	0.01378
STMN2	2610	215	0.173767067736706	0.2659	0.01399
SORT1	2534	215.8	0.177598929327733	0.2667	0.01411
LDLR	1311	216.1	0.172487515510134	0.2658	0.01415
RPS6KB1;RPS6KB2	2312	216.1	0.172487515510134	0.2643	0.01416
SRPR	2567	217.1	0.172487515510134	0.2655	0.01431
CHMP1A	459	218.5	0.173767067736706	0.2679	0.01453
ACOX1	38	219.2	0.180147861158429	0.2684	0.01464
CRYZ	562	221.3	0.169925001442312	0.2728	0.01498
IPO8	1220	223.6	0.171206827418142	0.278	0.01535
RAB4A	2116	225.8	0.168642035558839	0.2829	0.01571
NDUFV2	1607	228.5	0.167357927738514	0.2892	0.01616
RNF115	2212	229.7	0.18269229751619	0.2912	0.01637
PRDX5	1976	232.6	0.171206827418142	0.2982	0.01686
PEX6	1829	234.4	0.160920188181103	0.3019	0.01717
PSMG2	2057	236.4	0.162210036314307	0.3062	0.01752
MYH14	1537	236.9	0.159629185821228	0.306	0.0176
POLD1	1901	237	0.18269229751619	0.3045	0.01762
ATPIF1	257	238.7	0.173767067736706	0.3079	0.01792
TLE3;TLE2	2726	238.7	0.169925001442312	0.3063	0.01792
SREK1	2555	239.8	0.158337027167101	0.3079	0.01812
PLBD2	1876	239.8	0.175045486110914	0.3064	0.01813
MRPL13	1473	241.2	0.177598929327733	0.3088	0.01837
UBE2V1	2868	241.9	0.160920188181103	0.3092	0.0185
ABCC1	9	242.1	0.16349873228288	0.3081	0.01853
NUP133	1703	243.4	0.158337027167101	0.3101	0.01876
STX8	2623	244.1	0.172487515510134	0.3107	0.0189
EMC2	817	244.7	0.15704371014558	0.3108	0.019
PFDN2	1832	245.4	0.160920188181103	0.3113	0.01914
FABP5	873	245.7	0.183962834842595	0.3103	0.01918
MEMO1	1424	248.5	0.154453592679872	0.3171	0.0197
MRPL38	1482	252.8	0.176322772640463	0.3285	0.02052
ARFGAP2	180	253.2	0.154453592679872	0.3277	0.02058
RABEP1	2124	255.3	0.151858816727005	0.3326	0.02099
NUP35	1710	255.6	0.151858816727005	0.3318	0.02105
CTBP2	580	256.1	0.227741075839128	0.3314	0.02114
SSFA2	2586	256.6	0.160920188181103	0.3313	0.02124
ENSA	827	257.7	0.150559676575381	0.3329	0.02145
SF3B6	2423	262.8	0.147957881387101	0.3467	0.02245
NSRP1	1676	265.7	0.147957881387101	0.3538	0.02303
CHMP3	461	266	0.150559676575381	0.3529	0.02309
UBE2C	2857	270	0.149259365499623	0.3636	0.02391
PPP3CA;PPP3CB	1959	270.5	0.151858816727005	0.3633	0.024
ADSS	72	270.9	0.144046369616707	0.3627	0.02408
MTHFD1L	1521	271.1	0.147957881387101	0.3617	0.02414
MGAT2	1434	272	0.155749232677945	0.3627	0.02432
TAB2	2651	272.6	0.189033824390017	0.3626	0.02443
STBD1	2601	274.3	0.147957881387101	0.3662	0.0248
SYNE3	2647	274.5	0.10701824988212	0.3651	0.02484
PYCR1	2091	274.7	0.144046369616707	0.3639	0.02488
NUP50	1712	274.9	0.14535138557262	0.3628	0.02493
KIF21A	1270	276.3	0.150559676575381	0.3653	0.02522
NIF3L1	1630	276.6	0.149259365499623	0.3644	0.02528
RELA	2187	277.4	0.150559676575381	0.3653	0.02545
LIN7C	1327	277.7	0.153156788061421	0.3643	0.02551
FAM134C	884	277.7	0.14535138557262	0.3627	0.02551
CALD1	346	277.9	0.144046369616707	0.3616	0.02556
NBR1	1568	280.4	0.146655222119465	0.3675	0.02609
COX20	540	280.6	0.144046369616707	0.3662	0.02612
PPP2R5E	1958	282.3	0.142740172116082	0.3696	0.02649
C11orf98	320	285.4	0.138814468902282	0.3774	0.02717
MRPL15	1475	288.5	0.140124223909071	0.385	0.02784
POLR1E	1909	292.9	0.140124223909071	0.397	0.02884
MAP1LC3B;MAP1LC3B2	1379	293.9	0.158337027167101	0.3981	0.02905
MTA2	1516	295.9	0.159629185821228	0.4025	0.0295
NUF2	1698	297.5	0.137503523749935	0.4057	0.02988
SPTBN1	2550	298.9	0.0799753767205959	0.4085	0.03021
TBC1D4	2670	299.1	0.151858816727005	0.4073	0.03026
RRS1	2328	299.7	0.14535138557262	0.4073	0.03039
CBR3	379	300.4	0.134878054343112	0.4077	0.03055
MOB4	1453	302.3	0.134878054343112	0.4118	0.031
NADK2	1554	302.4	0.160920188181103	0.4103	0.03102
ARL2	200	303.4	0.133563525741106	0.4115	0.03125
ACY1	56	304.1	0.147957881387101	0.412	0.03143
POLD3	1903	304.9	0.133563525741106	0.4125	0.0316
SPR	2548	305	0.133563525741106	0.4113	0.03164
CNN3	508	305.9	0.190298791626595	0.412	0.03183
RAB13	2103	306.7	0.134878054343112	0.4129	0.03203
CCDC43	389	307.8	0.13224779829844	0.4146	0.0323
MRPL11	1471	309.2	0.142740172116082	0.417	0.03262
HOOK3	1141	311.8	0.137503523749935	0.4234	0.03326
POLR1B1	1907	311.9	-0.483379653361834	0.4219	0.03328
FIS1	913	312.1	0.146655222119465	0.4205	0.03332
MRPL4	1483	313.2	0.142740172116082	0.4222	0.03359
TBC1D13	2666	313.2	0.130930869826449	0.4206	0.0336
XAB2	2993	314.4	0.0989584800881688	0.4225	0.03389
LMAN1	1329	315.8	0.13224779829844	0.4248	0.03422
ARAF	172	319.6	0.149259365499623	0.4349	0.03517
SAAL1	2349	320.3	0.154453592679872	0.4352	0.03533
NHP2L1	1629	320.5	0.128293401009818	0.4341	0.03539
CDC16	419	321	0.12961273813047	0.4338	0.03551
CDC26	421	321.7	0.13224779829844	0.4342	0.03568
PPP6R1	1966	322	0.136191386287144	0.4334	0.03576
SDCBP	2376	322.6	0.128293401009818	0.4336	0.03592
MUT	1527	323.9	0.126972856257766	0.4358	0.03624
COL6A1	517	326	0.137503523749935	0.4403	0.03677
AURKB	265	327	0.134878054343112	0.4416	0.03702
ATAD3A	222	327	0.126972856257766	0.4401	0.03704
RINT1	2205	328.3	0.153156788061421	0.4422	0.03736
MEN1	1425	333	0.185232254230161	0.4548	0.03857
SNX5	2524	333.7	0.141432790929296	0.4553	0.03877
CHD1	454	334.3	0.124328135002202	0.4552	0.03891
CDC37	422	334.7	0.124328135002202	0.4549	0.03903
WDR44	2979	336.6	0.140124223909071	0.4589	0.03952
SPCS2	2543	337.1	0.124328135002202	0.4585	0.03964
SPTLC1	2551	337.2	0.12961273813047	0.4571	0.03967
MPZL1	1467	338.9	0.121678556588252	0.4606	0.04012
UBE2M	2863	339.3	0.128293401009818	0.4602	0.04024
ZNF622	3038	342.3	0.121678556588252	0.4676	0.04104
PCBP2	1789	343.2	0.121678556588252	0.4685	0.04127
MYO18A	1542	344.7	0.121678556588252	0.4712	0.04167
SLAIN2	2444	345.4	0.120351940365222	0.4716	0.04186
GNS	1014	347.1	0.12565110166152	0.4752	0.04233
PAIP1	1767	347.2	0.121678556588252	0.4738	0.04237
GSTM1;GSTM4	1048	347.6	0.12300395405482	0.4731	0.04246
NUDT9	1697	348.9	0.147957881387101	0.4755	0.04283
VRK1	2960	350.8	0.121678556588252	0.4794	0.04334
KANK2	1251	351.4	0.120351940365222	0.4797	0.04352
PAFAH1B1	1763	353.4	0.117695042669755	0.4839	0.04407
STRN4	2614	355.3	0.12300395405482	0.4878	0.04458
PDIA6	1811	357.7	0.120351940365222	0.4935	0.04526
NFS1	1625	359.5	0.12300395405482	0.4972	0.04577
COPZ1	534	361.9	0.116364756691785	0.5028	0.04644
SCAMP4	2369	362.3	0.13224779829844	0.5025	0.04658
VTA1	2961	362.4	0.116364756691785	0.5007	0.04658
SYNJ2	2648	363.7	0.121678556588252	0.5032	0.04698
EDF1	751	364.1	0.11503324294624	0.5024	0.04707
LIG3	1322	364.4	0.119024103142275	0.5016	0.04716
STIM1	2603	364.6	0.11503324294624	0.5006	0.04723
SIK3	2439	365.1	0.120351940365222	0.5003	0.04737
TIMM8B	2716	365.1	0.11503324294624	0.4987	0.04738
NIT1	1633	370	0.10701824988212	0.5119	0.0488
NHLRC2	1627	370.1	0.117695042669755	0.5103	0.04882
TCEAL3;TCEAL6;TCEAL5	2682	371.1	0.117695042669755	0.5116	0.0491
OTUD6B	1749	372.9	0.12565110166152	0.5152	0.04963
ARFGAP1	179	373	0.112366523072563	0.5138	0.04965
PRPF4B	2003	374.1	0.11503324294624	0.5154	0.04999
