gene.index	RP.Rsum	FC..class1.class2.	pfp	P.value
ARPC5	213	2.621	-1.12406270353362	1.465e-05	4.816e-09
APOA1BP	162	2.884	-1.12815635149068	1.123e-05	7.386e-09
SNAP29	2499	4.481	-1.09018850129166	4.851e-05	4.784e-08
TAX1BP3	2665	4.579	-1.09111025302628	3.972e-05	5.223e-08
RHOC	2200	7.663	-1.04632501555051	0.0002435	4.002e-07
RBM3	2168	7.83	-1.02855761068261	0.0002204	4.347e-07
TSC22D1	2806	8.653	-1.037710111709	0.0002769	6.372e-07
PPP1R13L	1944	9.158	-1.02326977932285	0.0003005	7.901e-07
UGCG	2893	9.283	-1.03091399347006	0.0002812	8.319e-07
CHML	458	11.2	-0.983075855742179	0.0005119	1.683e-06
ITGA5	1236	11.33	-0.999134642556747	0.0004869	1.761e-06
RP2	2224	16.4	-0.943693939668123	0.001707	6.734e-06
CNN3	508	17.15	-0.9403678401179	0.001838	7.855e-06
FAM98A	895	17.54	-0.9414756881592	0.001848	8.503e-06
RTCA	2332	17.88	-0.925768605814208	0.001839	9.067e-06
MPDU1	1459	19.89	-0.917842440914574	0.002479	1.304e-05
CHCHD2;CHCHD2P9	452	20.37	-0.918933119508112	0.002528	1.413e-05
CDK5	433	20.52	-0.911044317691782	0.002449	1.449e-05
SPCS3	2544	20.6	-0.912401382076379	0.002349	1.467e-05
UFM1	2892	22.89	-0.894590105959918	0.003177	2.089e-05
PTBP3	2061	23.87	-0.892178244087146	0.003476	2.4e-05
SPCS2	2543	26.17	-0.866436474258894	0.004484	3.243e-05
CCDC58	392	26.21	-0.872234671851455	0.00431	3.259e-05
HIBADH	1091	27.14	-0.864859183605185	0.004626	3.65e-05
MVB12A	1528	27.64	-0.865647613376637	0.004715	3.875e-05
DHX36	677	28.14	-0.860137631984359	0.004802	4.104e-05
SPTLC2	2552	28.31	-0.861971955233239	0.004715	4.185e-05
BCL2L1	287	28.92	-0.860661486398571	0.004871	4.483e-05
AGR2	79	31.97	-0.840629153339797	0.006486	6.183e-05
EPS15	835	32.16	-0.833670182079369	0.006391	6.303e-05
EMC1	816	33.28	-0.833670182079369	0.006896	7.028e-05
DRG2	724	34.91	-0.821126041830205	0.007774	8.178e-05
SMARCE1	2482	36.22	-0.811472473225598	0.008463	9.181e-05
MYL6	1541	36.47	-0.813753013854688	0.008393	9.381e-05
FAF1	875	36.81	-0.810207062179741	0.008397	9.662e-05
PPIA	1924	38.21	-0.804904422822782	0.009175	0.0001086
FAH	877	39.54	-0.800877357986399	0.009931	0.0001208
CST3	574	39.9	-0.801883070847545	0.009947	0.0001243
CIT	474	40.31	-0.795859283219775	0.01001	0.0001283
NFATC2	1622	42.17	-0.78936177161985	0.01122	0.0001475
NIPSNAP1	1632	44.21	-0.776453884047182	0.01266	0.0001706
HEXB	1088	45.17	-0.77595972578207	0.0132	0.0001823
HSPA14	1157	45.22	-0.778927217484937	0.01293	0.0001828
HNRNPK	1132	45.48	-0.774971916745951	0.01287	0.0001861
GSTT2B;GSTT2	1052	49.43	-0.762436281682324	0.01622	0.0002399
SAP30BP	2356	50.56	-0.749280916599445	0.017	0.0002571
VCL	2941	51.86	-0.639579533896791	0.01796	0.0002775
RAD21	2132	52.13	-0.741541377282099	0.01787	0.000282
CIRH1A	471	53.16	-0.744922317994549	0.01857	0.0002991
NIF3L1	1630	55.41	-0.737446572680709	0.02061	0.0003388
HOOK3	1141	55.67	-0.732404278148121	0.02049	0.0003436
MSRA	1511	55.83	-0.731924977465676	0.02027	0.0003465
STUB1	2617	56.04	-0.729530859689422	0.02011	0.0003505
GNL3L	1011	57.57	-0.730248677951625	0.0214	0.0003799
CHMP3	461	57.74	-0.725469955328377	0.0212	0.0003833
STRN4	2614	57.99	-0.728813398402747	0.0211	0.0003884
UQCRQ	2911	60.15	-0.71928118638199	0.02311	0.000433
CDC16	419	60.16	-0.713591944539701	0.02272	0.0004333
PTPN2	2073	60.71	-0.71477535453214	0.02295	0.0004451
CDC20	420	61.19	-0.715485866755755	0.02311	0.0004557
MRPL24	1478	61.34	-0.712882364211819	0.02289	0.0004591
PXDN	2089	62.03	-0.711936799674684	0.02328	0.0004745
WDFY1	2970	62.38	-0.704864750999182	0.0233	0.0004825
CTNNBL1	586	64.65	-0.695956303526459	0.02549	0.0005364
PTTG1IP	2079	69.26	-0.655625966714267	0.03074	0.0006568
UBE2G2	2859	70.42	-0.67530458641078	0.03177	0.0006894
PTGES2	2064	71.41	-0.671852885966369	0.0326	0.000718
C8orf33	334	73.28	-0.66703433741404	0.03464	0.0007742
SETD7	2413	75.32	-0.642504296774766	0.03697	0.0008385
WDR26	2975	75.64	-0.653355078411473	0.0369	0.000849
DARS2	615	75.86	-0.656535323845471	0.03669	0.0008563
DNAJC3	701	76.34	-0.646789644375999	0.03684	0.000872
MORF4L1	1456	78.67	-0.641153669394901	0.03963	0.000951
NHP2L1	1629	79.16	-0.640928687711656	0.0398	0.0009683
SDF2	2377	80.13	-0.637333744151746	0.04068	0.001003
SPTBN1	2550	80.42	-0.603621273020354	0.04057	0.001014
FUBP1	940	80.56	-0.633971600842881	0.04025	0.001019
RABEP1	2124	80.8	-0.625044004031908	0.04006	0.001027
LAMP2	1299	81.98	-0.61595019320484	0.04125	0.001071
CST1	573	83.77	-0.594007640324163	0.04333	0.00114
CTGF	581	84.45	-0.611094115960931	0.0438	0.001166
MRGBP	1469	86.2	-0.592919224549499	0.04587	0.001237
POLR2C	1912	87.04	-0.603621273020354	0.0466	0.001271
LIMD1	1325	88.24	-0.59749609912741	0.04788	0.001322
C9orf64	338	88.93	-0.598587974636191	0.04837	0.001352
LARS	1307	89.91	-0.530114023725536	0.04933	0.001395
ZFPL1	3030	91.56	-0.591396820656629	0.05134	0.001468
SLC4A1AP	2465	93.55	-0.580568977568541	0.05393	0.00156
PHYHD1	1860	93.58	-0.580784739932046	0.05337	0.001562
EPHB2	831	93.86	-0.579275080584153	0.05323	0.001575
GRWD1	1042	94.26	-0.576045405985103	0.05329	0.001594
SDHB	2380	94.26	-0.578628566999106	0.05271	0.001594
CASQ2	371	95.98	-0.5728229453179	0.05486	0.001677
POLD1	1901	96.85	-0.569179503480228	0.05567	0.00172
NUTF2	1720	99.37	-0.557454543894696	0.05921	0.001849
DHX37	678	100.5	-0.552156355637914	0.06044	0.001907
ERP29	846	101.4	-0.54877569787331	0.06136	0.001956
TBCC	2673	102.4	-0.544350572683585	0.06243	0.002011
PTDSS1	2063	102.5	-0.543719518489275	0.06191	0.002015
POLD2	1902	104.7	-0.53658679618218	0.06515	0.002142
DAZAP1	616	105	-0.537214737450369	0.06492	0.002156
HINT2	1094	105.6	-0.537214737450369	0.06535	0.002191
PTP4A2;PTP4A1	2069	106.1	-0.534913621113934	0.06565	0.002223
F3	871	108	-0.519321261245202	0.06822	0.002332
KANK2	1251	108.5	-0.516429259908444	0.06845	0.002363
MACF1	1371	109.4	-0.425075021990656	0.06928	0.002414
PHC2	1854	109.9	-0.513749011115892	0.06959	0.002448
CHID1	457	112.3	-0.510046098668694	0.07317	0.002598
XIAP	2994	114	-0.502464273603996	0.07552	0.002706
WASL	2966	115.1	-0.497160241744068	0.07684	0.002779
PFKM	1837	116	-0.49086158428229	0.07788	0.002842
TRIM26	2788	116	-0.492281460008319	0.07721	0.002843
MRPL51	1488	117.5	-0.491064338135605	0.07913	0.002939
CDA	418	118.2	-0.48924057844783	0.07974	0.002988
NDUFS2	1602	118.4	-0.489645659186386	0.07949	0.003005
PSMB9	2031	119.2	-0.483379653361834	0.08018	0.003058
DCAF7	621	119.2	-0.477341579365721	0.07958	0.003061
MGAT2	1434	119.7	-0.479753777292973	0.07971	0.003092
PPIH	1928	119.8	-0.484186642638022	0.07926	0.0031
MPP5	1464	119.9	-0.485801976652419	0.07882	0.003109
NSRP1	1676	121.7	-0.469729452353796	0.08135	0.003236
VRK1	2960	121.7	-0.477341579365721	0.0808	0.00324
PRPF3	1999	121.8	-0.475535074035002	0.08025	0.003245
CNDP2	505	123.1	-0.469130202068591	0.08186	0.003337
BLMH	294	124.5	-0.461561164749242	0.08386	0.003446
SNX1	2517	125	-0.462356038070115	0.08398	0.003478
UQCC2	2904	125.2	-0.457791485677159	0.08382	0.003499
NCDN	1574	127.9	-0.453241329565227	0.08809	0.003706
MRPL1	1470	128.2	-0.46833158868485	0.08788	0.003727
MED4	1423	129.7	-0.447918089346892	0.09004	0.003848
RHEB	2198	130.3	-0.442222328605074	0.09042	0.003894
RPS24	2296	134.2	-0.433428359373239	0.09721	0.004218
FKBP1A	915	140.3	-0.40621599473934	0.1085	0.004743
MRPL15	1475	140.6	-0.404496339497258	0.1083	0.004771
PPP1R8	1949	142.3	-0.403923576289488	0.111	0.004925
C1orf123	328	142.9	-0.399159371970236	0.1114	0.004979
CIAO1	468	143.7	-0.396688189399952	0.1122	0.005053
AKT1	106	145.6	-0.390434132138187	0.1153	0.005232
LSM1	1353	146.9	-0.387222894714801	0.1173	0.00536
BAP18	275	149.2	-0.381761344404545	0.1214	0.005585
IGF2BP2	1192	150.3	-0.378569332209552	0.1228	0.005693
EEF1B2	757	151.2	-0.378756902259987	0.1239	0.005784
RNF149	2213	151.8	-0.376694971752464	0.1242	0.005836
ACY1	56	152.1	-0.381949329946656	0.124	0.005869
PSMD14	2043	154.3	-0.369221787257138	0.1279	0.006097
AGL	75	155.2	-0.378006768333877	0.1288	0.006184
ANAPC2	124	155.8	-0.376694971752464	0.1293	0.00625
HSPBP1	1167	156.2	-0.366615291442657	0.1294	0.006297
PBDC1	1783	157.3	-0.363085419644122	0.1308	0.006408
ABHD14B	16	158.8	-0.360860468619572	0.1332	0.00657
CLPTM1L	493	158.9	-0.362528860115241	0.1325	0.006577
BCAR1	282	159.8	-0.360860468619572	0.1336	0.006674
ERP44	847	161.8	-0.353652984648655	0.1371	0.006894
SRSF10	2573	162.5	-0.352178966598703	0.1378	0.006974
ENOPH1	825	162.7	-0.355128510260159	0.1372	0.006992
RPA3	2227	163.2	-0.352731546895617	0.1375	0.007052
LAMTOR5	1301	163.2	-0.351810697281862	0.1366	0.007052
ENSA	827	164	-0.349051669780258	0.1374	0.007137
HNRNPD	1126	165.5	-0.402206649757195	0.1398	0.007308
FAU	901	165.8	-0.347215245091244	0.1396	0.007341
STRN3	2613	166.3	-0.351258469508272	0.1398	0.0074
THYN1	2709	170.1	-0.337703337663285	0.147	0.007831
AGFG1	74	171.3	-0.33442531167133	0.1489	0.007976
TIMM13	2712	173.3	-0.330973234490369	0.1525	0.008221
AK1	94	173.9	-0.329884818715706	0.1528	0.008287
TBC1D23	2669	174.5	-0.343366345411616	0.1533	0.008366
STX12	2618	176.5	-0.325720148620552	0.1568	0.008607
NUP133	1703	177.3	-0.335335127581466	0.1576	0.008702
FAM3C	890	179.9	-0.324635687250854	0.1626	0.009032
ALAD	108	180	-0.319765673736742	0.1619	0.009049
ANP32A	131	180.5	-0.31670778147602	0.1619	0.009102
C16orf62	324	180.5	-0.31670778147602	0.1611	0.009111
RAB13	2103	183.7	-0.308644508068939	0.1672	0.009511
ITCH	1233	183.7	-0.312760106015397	0.1664	0.009516
TAP1	2660	184	-0.30989583895542	0.1661	0.009553
APP	167	185.6	-0.312760106015397	0.1688	0.009764
SLC7A1	2466	185.7	-0.309538205081281	0.1681	0.009783
BCCIP	286	188.5	-0.3040061868901	0.1734	0.01014
ARFGAP2	180	189.6	-0.309180659840073	0.1751	0.0103
NIT1	1633	194	-0.297963104087316	0.1841	0.0109
DUSP12	731	194.3	-0.298850206766001	0.1838	0.01094
APOBEC3C	165	194.5	-0.299027692777284	0.1833	0.01096
COX5B	543	196.6	-0.311864411542665	0.1872	0.01126
SUCLG2	2630	198.8	-0.293005384291349	0.1912	0.01157
ABR	18	198.9	-0.293005384291349	0.1905	0.01159
ATP5J	243	199.3	-0.293535754387717	0.1903	0.01164
DCTN4	628	200	-0.294951028606318	0.1911	0.01175
NO66	1643	201.3	-0.295659186696811	0.1931	0.01193
DDX47	652	202.4	-0.289827251720338	0.1945	0.01208
PLXNA1	1888	203.3	-0.293889442803533	0.1956	0.01222
KIAA0020	1261	203.3	-0.288945678187934	0.1946	0.01222
NUP50	1712	203.5	-0.289474557661403	0.1941	0.01225
LRRC8A	1350	203.6	-0.299737855253296	0.1933	0.01226
ARL2	200	204.9	-0.319765673736742	0.1953	0.01245
SEC24B	2390	206.4	-0.285776466425808	0.1978	0.01268
GRB2	1036	206.4	-0.287888500533723	0.1968	0.01268
NOL8	1650	206.6	-0.323371511757031	0.1961	0.0127
DSP	726	209.8	-0.282438722985512	0.2026	0.01319
DFFA	665	210.3	-0.281737023049067	0.2027	0.01326
SOD1	2529	210.6	-0.390623251236693	0.2024	0.0133
LGALS1	1316	212.4	-0.314732593483158	0.2056	0.01359
ENY2	828	213.4	0.181420640280142	0.2069	0.01374
PFDN5	1834	215.7	-0.27561166339788	0.2111	0.01409
NDUFA8	1593	216.6	-0.277009454512083	0.2122	0.01423
NUPL1	1719	216.6	-0.276135676373272	0.2113	0.01424
MCMBP	1412	217.2	-0.27805868731534	0.2117	0.01433
FAM96B	894	220.2	-0.280509868799706	0.2176	0.01481
MTX1	1525	221	-0.27282013747502	0.2184	0.01493
UBE2A	2856	221.5	-0.271774706240224	0.2184	0.01501
ACAT2	27	225.6	-0.266211831374818	0.2272	0.01568
BCAS2	284	226	-0.266732440645238	0.227	0.01575
KIF23	1271	226.3	-0.268121651191569	0.2268	0.01581
MRPS7	1503	227.3	-0.266558883346876	0.228	0.01597
YLPM1	3009	227.7	-0.267600540461363	0.2278	0.01603
OXCT1	1751	228.8	-0.266906018825185	0.2296	0.01622
SEC24D	2392	229	-0.266211831374818	0.2289	0.01626
PIN4	1865	230.8	-0.264304536409231	0.232	0.01655
RAE1	2135	231.1	-0.263611599296539	0.2318	0.01661
NOL11	1648	231.4	-0.266211831374818	0.2313	0.01665
PPM1F	1935	231.9	-0.266906018825185	0.2315	0.01674
LRBA	1343	232.2	-0.263092114789616	0.2312	0.01679
WDR75	2984	232.5	-0.262918994846901	0.2307	0.01684
EXOSC7	867	232.7	-0.262399759627731	0.2302	0.01688
RBM28	2167	233.6	-0.261016045299488	0.2312	0.01703
SDCBP	2376	233.9	-0.266732440645238	0.2311	0.01709
METAP2	1430	234.3	-0.273691909234515	0.2309	0.01715
MGEA5	1435	234.4	-0.260670323984417	0.2302	0.01718
HRAS	1145	235.6	-0.261016045299488	0.2319	0.01738
DHX16	674	236.2	-0.259460951386657	0.2322	0.01748
TUBB8	2828	237.6	-0.25859773408041	0.2346	0.01774
PPIL1	1929	237.7	-0.269512200736224	0.2337	0.01775
TUBG1;TUBG2	2829	237.8	-0.258425152581204	0.2329	0.01776
ANXA7	142	244	-0.253601233452857	0.2465	0.01888
CSNK1A1;CSNK1A1L	567	244.3	-0.25394526470306	0.2462	0.01894
SUN2	2637	244.7	-0.252225928257295	0.246	0.019
NAA25	1551	245.1	-0.253773238823062	0.2459	0.01908
GNPNAT1	1013	245.2	-0.253085340352102	0.245	0.01909
CTNNBIP1	585	245.5	-0.371646328650158	0.2447	0.01914
UBE2N;UBE2NL	2864	248	-0.251367027808703	0.2497	0.01962
COX6B1	544	248.1	-0.250165425587271	0.2488	0.01963
COX17	539	248.7	0.105678077894537	0.2491	0.01973
SEC24C	2391	250.3	-0.248793390257147	0.2519	0.02004
SCAMP4	2369	250.9	-0.24965075941585	0.2522	0.02015
ALG2	119	251.4	-0.250851932876403	0.2523	0.02024
ECHS1	747	251.4	-0.248793390257147	0.2513	0.02024
UPP1	2902	253	-0.247765219380355	0.254	0.02054
EIF2B2	775	254.8	-0.246395463720005	0.2573	0.02089
GLB1	981	255.7	-0.245711073270316	0.2583	0.02106
RPL7L1	2270	258.6	-0.24297675349254	0.2642	0.02162
MFN1	1432	259.3	-0.265517977788815	0.2647	0.02175
AIMP2	91	260.6	-0.240929409193099	0.267	0.02203
DDX56	656	261.9	-0.242293982518657	0.2688	0.02227
MIF	1442	263.2	-0.240247606231029	0.271	0.02254
CC2D1B	383	265.2	-0.238033969263056	0.2746	0.02292
CECR5	439	266.8	-0.238374307797517	0.2774	0.02325
CLPP	491	269.3	-0.235483986202047	0.2824	0.02377
MUT	1527	270	-0.235483986202047	0.283	0.02391
ACTC1;ACTA1;ACTG2;ACTA2	46	270.1	-0.234974529999629	0.2821	0.02393
CIRBP	470	270.3	-0.236333479861926	0.2815	0.02397
MLEC	1445	270.5	-0.234465253637023	0.2809	0.02401
RNASEH2A	2209	270.9	-0.234465253637023	0.2807	0.02408
CSTF3	578	272.3	-0.232768962976124	0.2831	0.02438
PPP2R2A	1954	272.7	-0.233108061588777	0.2828	0.02445
APOBEC3B	164	274.1	-0.232938502319511	0.2852	0.02475
FTSJ1	938	274.3	-0.240077205824419	0.2846	0.02479
LIN7C	1327	274.3	-0.232938502319511	0.2836	0.0248
PPM1B	1934	275.4	-0.231244004778117	0.2851	0.02502
GALNT2	954	276	-0.231244004778117	0.2855	0.02515
ANKFY1	126	278.3	-0.229720656790274	0.29	0.02564
PRDX5	1976	278.7	-0.229551495150766	0.2899	0.02573
FAM129A	882	279.1	-0.229382353343797	0.2898	0.02582
MPI	1463	279.5	-0.228705984348338	0.2896	0.02589
DDOST	634	280	-0.227016447861895	0.2897	0.026
ATP6V1B2;ATP6V1B1	251	280.3	-0.228705984348338	0.2895	0.02608
KPNA3	1286	281.4	-0.227185312500807	0.291	0.02631
U2AF1;U2AF1L4	2845	282.5	-0.230228260750552	0.2925	0.02654
RBM34	2169	283.6	-0.226172421019306	0.2941	0.02678
GNA13	1000	284	-0.227523101086028	0.294	0.02687
LRRC59	1349	285.4	-0.225497554890341	0.2962	0.02716
MMP14	1450	285.4	-0.224991612384405	0.2952	0.02718
IRF3	1226	286.1	-0.22465441592596	0.2958	0.02732
U2AF2	2846	287.3	-0.224148768964459	0.2976	0.02759
VAT1	2939	287.6	-0.22398025935253	0.2972	0.02764
CTBP2	580	289.2	-0.223138006400305	0.3001	0.02802
RAB9A	2123	292.8	-0.220782310685352	0.3076	0.02882
POLR1C	1908	293.6	-0.218934101564037	0.3085	0.029
PSMA2	2016	295.1	-0.218934101564037	0.3109	0.02934
COPS8	533	295.5	-0.219269963523624	0.3107	0.02942
ITGAV	1238	296.5	-0.220278018792927	0.3122	0.02966
RFC4	2195	297	-0.218934101564037	0.3122	0.02977
PPP4R2	1963	298	-0.216585254601139	0.3135	0.02999
MYO18A	1542	299.2	-0.220950447162541	0.3153	0.03027
AAMDC	3	301.4	-0.215579775382216	0.3195	0.03077
AKR1C3	104	302.2	-0.215077298437139	0.3204	0.03097
ARL3	201	303.6	-0.214742411007388	0.3228	0.0313
MRPS18B	1493	304.9	-0.213570916796944	0.3247	0.0316
SRPR	2567	305.8	-0.213905532370957	0.326	0.03183
PCMT1	1791	308	-0.212400373089006	0.3301	0.03234
CARS	366	309.2	-0.210229022689942	0.3318	0.03262
PCM1	1790	312	-0.209227962138	0.3376	0.0333
COPZ1	534	312.2	-0.210229022689942	0.337	0.03334
MRPL9	1490	312.2	-0.208894429587471	0.3359	0.03335
SRP54	2562	312.6	-0.209061186224181	0.3359	0.03346
UBA3	2852	313.2	-0.209227962138	0.3362	0.0336
S100A4	2347	313.6	-0.210729813568291	0.336	0.03369
DIABLO	680	314.3	-0.209561571814799	0.3366	0.03386
SOD2	2530	316	-0.208227595722634	0.3396	0.03427
DNAJB6	699	316.1	-0.208727692223415	0.3387	0.0343
DECR1	659	316.2	-0.209061186224181	0.3379	0.03433
ISG15	1229	316.9	-0.210729813568291	0.3385	0.0345
NDUFS8	1605	318.1	-0.205896101440252	0.3404	0.0348
MOCS2	1454	318.3	-0.205729710223772	0.3397	0.03484
GIGYF2	978	319.4	-0.206395390263678	0.3412	0.0351
IGFBP7	1196	320	-0.205563338195578	0.3416	0.03526
HEBP2	1085	320.1	-0.234974529999629	0.3407	0.03528
SNRPA1	2505	320.4	-0.205729710223772	0.3405	0.03537
PTGES3	2065	320.7	-0.204565508732707	0.34	0.03543
NAGK	1557	322.3	-0.205064337196464	0.3429	0.03584
ARFGAP1	179	324.3	-0.202073950274122	0.3466	0.03635
HERC4	1087	325.2	-0.2017420673555	0.3478	0.03658
STAT3	2599	325.3	-0.202073950274122	0.3469	0.03661
LYPLA2	1367	327	-0.201078530473209	0.3497	0.03702
MRRF	1505	327.4	-0.203070057361489	0.3496	0.03712
OSTF1	1747	327.8	-0.201244386085381	0.3496	0.03723
MPHOSPH10	1461	329.5	-0.202073950274122	0.3525	0.03766
EIF3H	789	333.1	-0.199255376063222	0.3602	0.0386
DNPEP	710	333.8	-0.198096385321345	0.3609	0.03879
PSPH	2059	335.4	-0.198758551731541	0.3636	0.03921
PRKACA	1982	335.7	-0.197103705208174	0.3631	0.03927
PDHA1	1806	335.9	-0.196276993225842	0.3627	0.03934
PPAT	1920	337.5	-0.196442297727987	0.3653	0.03974
RNF113A	2210	338	-0.195120391745327	0.3655	0.03989
HM13	1110	338.2	-0.195120391745327	0.3648	0.03994
NIT2	1634	338.9	-0.195285563769194	0.3655	0.04013
CD2BP2	408	344.5	-0.193304746468242	0.3781	0.04164
SP100	2535	344.9	-0.19280996679804	0.3779	0.04174
ASNA1	217	348.4	-0.191656140368503	0.3854	0.0427
MDP1	1417	349.7	-0.190832543245668	0.3873	0.04304
OSBPL8	1744	350.4	-0.190174003902549	0.388	0.04324
BAHCC1	272	350.7	-0.190667880226499	0.3875	0.04331
FAM98B	896	353.8	-0.190009416024795	0.394	0.04416
CCDC50	391	355.2	-0.187871480548729	0.3964	0.04457
PSMA5	2019	356.8	-0.187707155126729	0.3992	0.04501
RPS29	2303	357.6	-0.186885808653711	0.4001	0.04525
COX5A	542	358	-0.187707155126729	0.3999	0.04535
PLCB3	1877	358.5	-0.192645077942396	0.4001	0.0455
EXOC7	861	361.2	-0.185408562336802	0.4056	0.04627
NEDD4L	1611	361.4	-0.185244517190126	0.4048	0.0463
UCK2	2888	362	-0.184916482845627	0.4051	0.04647
CNN2	507	363.9	-0.183605090830879	0.4088	0.04704
APRT	170	365.4	-0.184424571137427	0.4113	0.04746
PGRMC1	1849	366.8	-0.183441250612556	0.4136	0.04785
TXN	2836	367.4	-0.182949841567479	0.414	0.04804
GMPR2	997	367.7	-0.183605090830879	0.4134	0.04811
SORD	2533	368.4	-0.18311362598508	0.414	0.04831
RRAS2	2319	369.9	-0.181640235176961	0.4165	0.04875
USP4	2921	369.9	-0.183932827097824	0.4155	0.04876
PPP2R1B	1953	370.1	-0.180985877510277	0.4149	0.04883
CRK	558	370.8	-0.181640235176961	0.4154	0.04903
TRRAP	2805	371.6	-0.182131198272013	0.4163	0.04927
ENO2	824	372.5	-0.180822334457232	0.4173	0.04952
RPL38	2263	372.7	-0.180658809941229	0.4166	0.04957
TIMP2	2718	373	-0.180168347573463	0.4162	0.04967
MYCBP	1533	373.2	-0.179841465269835	0.4157	0.04974
RCN1	2180	373.7	-0.180168347573463	0.4157	0.04988
MLH3	1446	4.217	2.82720930634063	0.0001134	3.726e-08
AURKB	265	5.04	2.75808993420181	0.0001172	7.704e-08
SURF4	2641	5.769	2.6742346477937	0.000134	1.322e-07
USP10	2915	5.769	2.68526740651684	0.0001005	1.322e-07
PRKACB	1983	5.944	2.65786862339084	9.049e-05	1.487e-07
RPP30	2278	6.316	2.65626753479429	9.579e-05	1.889e-07
TOMM40	2762	6.415	2.60809954599438	8.725e-05	2.008e-07
HAUS5	1074	7.306	2.59502618406585	0.0001266	3.33e-07
NUDT9	1697	7.417	2.54473265593262	0.0001193	3.529e-07
SLC25A4	2455	7.714	2.55532535898925	0.0001249	4.105e-07
ABCC1	9	8.509	2.48542682717024	0.0001653	5.976e-07
CCDC94	396	8.849	2.46074256378964	0.0001759	6.939e-07
MRPL11	1471	9.252	2.31411643114067	0.0001922	8.214e-07
CTSL	594	9.491	2.29777835515853	0.0001966	9.046e-07
THOC5	2702	9.865	2.31440650755482	0.0002122	1.046e-06
RPL39P5;RPL39	2264	10.43	2.31672502157875	0.0002451	1.289e-06
ANXA6	141	21.3	1.45206823022381	0.002938	1.642e-05
TXNRD1	2843	22.03	1.41899946543127	0.003106	1.838e-05
DNM1L	706	23.49	1.3311319222172	0.003641	2.274e-05
RAP1B	2148	24.91	1.24061962931176	0.004197	2.76e-05
CAST	372	25.11	1.24305970607253	0.004105	2.834e-05
SSR3	2588	25.15	1.23695175858808	0.003937	2.847e-05
PREB	1978	28.26	1.04054179386285	0.005505	4.163e-05
C11orf68	319	32.27	0.933572638261024	0.008075	6.37e-05
MEA1	1419	32.4	0.947105051567875	0.007854	6.455e-05
MICAL3	1440	33.96	0.937344392150232	0.008762	7.489e-05
WFS1	2988	34.09	0.904580434921318	0.00854	7.58e-05
SMURF2	2496	34.64	0.898401859992193	0.008669	7.98e-05
UFD1L	2890	34.66	0.909965066757969	0.00838	7.988e-05
TRAM2	2783	36.81	0.858378925082071	0.009797	9.662e-05
DLGAP4	691	39.39	0.82130203988953	0.01171	0.0001193
GFM1	974	41.94	0.808179083771471	0.01379	0.000145
NLE1	1635	41.97	0.773152397014052	0.0134	0.0001453
TACC1	2652	42.27	0.835924074254375	0.01329	0.0001486
CNBP	504	43.46	1.23695175858808	0.01407	0.0001618
ANO10	130	43.55	0.766383141001298	0.01377	0.0001629
SRXN1	2582	47.14	0.713695814843359	0.01708	0.0002077
THOC7	2704	49	0.695102985640479	0.01871	0.0002337
SLC43A3	2464	49.34	0.6915341649192	0.01861	0.0002386
RFC5	2196	50.32	0.687956494044482	0.01927	0.0002534
MFN2	1433	51.71	0.678071905112638	0.02041	0.0002751
POLR1E	1909	52.68	0.678071905112638	0.02107	0.0002909
GSTM1;GSTM4	1048	52.96	0.668119124686432	0.02091	0.0002956
WAC	2963	54.15	0.647084212628954	0.02186	0.0003162
ODR4	1730	57.64	0.636914580355878	0.02578	0.0003814
FTSJ3	939	58.28	0.633198686374004	0.02607	0.0003942
PSMB10	2023	58.88	0.621055503299739	0.0263	0.0004063
PHF3	1855	60.27	0.61635769699669	0.0276	0.0004355
CD46	411	60.6	0.6535186707536	0.02749	0.0004428
KDSR	1257	61.19	0.621055503299739	0.02772	0.0004556
ARL6IP5	202	61.21	0.61541629726287	0.0272	0.0004561
FAM107B	878	61.51	0.610700062134764	0.02708	0.0004628
PANK2;PANK3	1771	61.74	0.619178216059069	0.02685	0.0004678
CARS2	367	61.96	0.602171790753379	0.02664	0.0004729
ICMT	1178	63.34	0.59741198755465	0.02792	0.0005047
NCAPD3	1570	65.24	0.590721770009841	0.02992	0.0005508
TRIM38	2791	65.69	0.584000383285773	0.03	0.0005622
RMDN1	2208	65.81	0.584000383285773	0.02963	0.000565
RBM17	2165	65.83	0.587845009254277	0.02917	0.0005657
GTF3C4	1056	67.14	0.576280257621355	0.03038	0.0005993
LAMA5	1295	67.81	0.578214165472454	0.03078	0.0006173
UBR1	2879	68.83	0.575312330687437	0.03163	0.0006447
VMP1	2948	69.27	0.568518597792544	0.03173	0.0006571
ZC3H18	3023	69.56	0.562669826102702	0.03161	0.0006651
ISOC1	1230	70.03	0.566571640626761	0.03175	0.0006784
PLK1	1882	70.71	0.560714954474479	0.03216	0.0006978
RNF115	2212	72.74	0.554834395894193	0.03441	0.0007579
TOE1	2758	72.91	0.549915553621955	0.03413	0.000763
KIF3B	1275	75.02	0.543000877402426	0.03655	0.0008291
NDUFB7	1598	75.75	0.539034702970754	0.03705	0.0008525
CAV2	375	79.32	0.524063675777211	0.04174	0.0009742
NAF1	1556	79.57	0.529071299829111	0.04152	0.0009828
FAM213A	888	79.68	0.524063675777211	0.04112	0.0009869
CLIP2	488	82.44	0.518031492602169	0.04474	0.001088
PDHX	1808	82.44	0.511973981781801	0.04414	0.001088
BRAT1	303	83.38	0.505890929729957	0.045	0.001124
NUDT15	1692	85.78	0.497740088609093	0.04818	0.00122
RALBP1	2139	86.75	0.495695162624069	0.04911	0.001259
ATP6V1H	256	88.97	0.486456955768731	0.05212	0.001354
BSG	309	89.08	0.492622328574446	0.05165	0.001358
CCNH	398	89.93	0.49467161164755	0.0524	0.001395
COX20	540	91.36	0.474046599319306	0.05413	0.001459
VPS37A	2955	91.38	0.477159211186641	0.05351	0.00146
INTS7	1214	93.41	0.468843942974637	0.05627	0.001554
HACD3	1067	93.7	0.477159211186641	0.05609	0.001567
CLTCL1	497	94.35	0.463622456851893	0.05653	0.001598
PSMD8	2050	94.36	0.463622456851893	0.0559	0.001599
TK1	2723	96.54	0.461528559472877	0.05895	0.001705
RAP2B	2150	96.6	0.461528559472877	0.05838	0.001708
CD82	415	101.5	0.439357178474257	0.06633	0.001962
ZNF185	3034	102.1	0.456280481510725	0.06671	0.001996
MYH14	1537	102.1	0.440420720756767	0.06603	0.001997
ADI1	63	102.5	0.434027674663597	0.06588	0.002014
PDDC1	1804	102.5	0.439357178474257	0.06526	0.002016
EHMT2	769	103.2	0.471967787661516	0.06577	0.002054
PEX6	1829	105.6	0.426533138116673	0.06937	0.002189
FUNDC2	942	109	0.489542935642474	0.075	0.002392
SPATA5	2540	109.3	0.417920007811965	0.07482	0.00241
FAM91A1	893	109.7	0.413594082409175	0.07491	0.002438
KIF15	1269	110.3	0.411426245726465	0.07527	0.002474
PSIP1	2014	110.8	0.415758666522498	0.07534	0.002501
ERC1	841	112.6	0.409255146684838	0.07797	0.002614
RACGAP1	2130	112.8	0.417920007811965	0.07769	0.002631
CCDC86	394	114.2	0.398350370345965	0.07964	0.002723
GAMT	956	114.9	0.397255345594427	0.08007	0.002764
OCIAD1	1727	116.5	0.393965275660243	0.08247	0.002874
CMC1	501	116.6	0.395062799517578	0.08197	0.002883
UBR7	2881	118.9	0.381837083906047	0.0856	0.003039
RBM4	2171	124.5	0.370722275148167	0.09602	0.003441
FABP5	873	127.3	0.400537929583729	0.1012	0.003659
OSTC	1746	128.3	0.388465097283154	0.1023	0.003734
SMYD5	2497	129.3	0.36513259345253	0.1035	0.003812
YY1	3019	131.6	0.358396261956654	0.1076	0.003997
NUDCD3	1690	132	0.49364733397521	0.1076	0.004032
MARCH5	1392	134	0.387362540835996	0.111	0.004198
DHCR24	667	136.5	0.349365277594213	0.1156	0.004407
CGGBP1	451	137	0.349365277594213	0.1157	0.004451
ERLIN1	844	137.8	0.34255474547732	0.1166	0.004524
SAFB2	2353	139.5	0.344828496997441	0.1195	0.004674
VTI1B	2962	139.5	0.343692069179019	0.1186	0.004677
DPM3	717	139.9	0.343692069179019	0.1184	0.004711
IMP3	1208	141.2	0.341416524478722	0.1203	0.004824
CDC26	421	141.3	0.335711910320462	0.1197	0.004838
PIP4K2A	1866	142.4	0.335711910320462	0.1212	0.004939
ESF1	851	143.3	0.352758525040637	0.1221	0.005017
PDCD11	1800	146.5	0.327687364176047	0.1284	0.005316
RSL1D1	2330	148.6	0.325386414659773	0.1322	0.00552
METTL13	1431	148.8	0.376290383337052	0.1317	0.005541
BRI3BP	305	149.1	0.356143810225275	0.1314	0.005573
CHMP4A	462	149.2	0.629473196786949	0.1307	0.005586
PGAM5	1841	149.5	0.331131922217202	0.1304	0.005614
CPD	547	152.4	0.325386414659773	0.136	0.005899
SUMO1	2633	154.1	0.317304068361915	0.139	0.006078
PWP2	2088	154.4	0.32883646422954	0.1385	0.006103
MPHOSPH6	1462	154.8	0.317304068361915	0.1386	0.006149
SRSF4	2577	155.3	0.317304068361915	0.1385	0.006194
CCDC6	393	157.1	0.316145742293356	0.1419	0.006392
IP6K1	1215	157.3	0.316145742293356	0.1411	0.006403
MMS19	1451	158.6	0.31150311546827	0.1432	0.006542
PSMG2	2057	159	0.32077347694587	0.1431	0.006584
XAB2	2993	160.5	0.308011314552178	0.1456	0.006748
TP53BP1	2770	160.7	0.31034012061215	0.1452	0.006777
THUMPD3	2708	161.1	0.31150311546827	0.1449	0.006813
ATF7;ATF2	223	162	0.332278283056929	0.1461	0.006916
RPL11	2232	162.1	0.476122419880152	0.1453	0.006925
SAAL1	2349	163.4	0.323081789503733	0.1472	0.007065
NUP85	1715	164.7	0.306845500314283	0.1493	0.007213
FIS1	913	165.9	0.302172799740752	0.151	0.007347
CDC42	423	166	0.305678743242287	0.1503	0.007362
MRPL22	1477	168.2	0.298658315564515	0.1544	0.007611
GOPC	1022	168.6	0.297484915710575	0.1544	0.007667
NMD3	1636	170	0.298658315564515	0.1566	0.007823
ZC3H6	3025	171.6	0.495695162624069	0.1594	0.008019
PPP1R11	1942	173.3	0.295135249000818	0.1623	0.008216
PPP4R1	1962	174.6	0.292781749227846	0.1643	0.00837
LMF2	1331	175.4	0.291603558030565	0.1653	0.008476
SPECC1L	2545	175.6	0.302172799740752	0.1647	0.008499
USP47	2922	177.6	0.329984649758421	0.1684	0.008749
MRPS35	1500	182.4	0.286881147788162	0.1788	0.009346
RAP1A	2147	182.5	0.285698125958125	0.1779	0.009356
CSTF1	576	182.7	0.282143228781498	0.1773	0.009385
RALA	2137	183.3	0.283329168051641	0.1778	0.00947
GPATCH8	1027	183.7	0.324234562270531	0.1775	0.009511
PPIL4	1931	184.9	0.283329168051641	0.1794	0.00967
USMG5	2913	185.1	0.298658315564515	0.1788	0.009698
RABEP2	2125	188.4	0.289244285156642	0.1856	0.01013
RNF40	2216	189.1	0.277389698810864	0.1862	0.01022
LARP4	1305	189.2	0.277389698810864	0.1854	0.01024
MTDH	1519	189.4	0.278579550458423	0.1848	0.01027
MIA3	1438	190.9	0.278579550458423	0.1874	0.01047
FAM136A	885	193.5	0.276198865032242	0.1927	0.01083
SRGAP1	2556	195.1	0.305678743242287	0.1955	0.01105
GXYLT1	1060	195.7	0.289244285156642	0.1958	0.01114
NUP160	1706	197.1	0.270229907237998	0.198	0.01132
ATP2B4	236	197.3	0.273814244587037	0.1975	0.01136
RPS6KA4	2311	198.1	0.271425676092934	0.1982	0.01147
RRP15	2324	198.2	0.27500704749987	0.1973	0.01148
LMAN1	1329	199.2	0.271425676092934	0.1988	0.01163
FRYL	935	199.8	0.269033146455237	0.1991	0.01172
PRPF4B	2003	199.9	0.270229907237998	0.1981	0.01172
GOLM1	1021	199.9	0.270229907237998	0.1972	0.01173
FHOD1	910	200.5	0.534061602421118	0.1974	0.01181
AP1S1	146	201.6	0.267835392097615	0.199	0.01197
H6PD	1066	205.3	0.264236151043547	0.2068	0.01251
TGOLN2	2698	207.3	0.277389698810864	0.2107	0.01281
STX18	2619	208.1	0.356143810225275	0.2116	0.01294
KLC2	1281	208.3	0.263034405833794	0.2107	0.01295
CENPF	441	210.5	0.267835392097615	0.215	0.01329
TMA16	2730	211	0.259423152281415	0.2152	0.01337
ITGB5	1241	212.9	0.259423152281415	0.2185	0.01365
ARPP19	215	214.4	0.260627908126699	0.2212	0.01389
RER1	2188	215.6	0.264236151043547	0.2231	0.01408
SLC20A1	2448	216.1	0.263034405833794	0.223	0.01415
CHD1	454	217.7	0.257010618206024	0.226	0.01441
ASPH	219	218.9	0.254594043033141	0.2276	0.01459
USP19	2918	219.7	0.273814244587037	0.2285	0.01472
FKBP5	919	221	0.253384235800074	0.2305	0.01493
GINS1	979	222.1	0.270229907237998	0.232	0.0151
PPIL3	1930	222.5	0.253384235800074	0.2321	0.01518
THOC1	2699	224.1	0.250961573533219	0.2348	0.01544
PLS1	1886	227.7	0.248534836138679	0.2426	0.01603
UBQLN4	2878	229	0.24731993497982	0.2448	0.01625
PPP1R2;PPP1R2P3	1947	229.8	0.246104009883917	0.2456	0.01639
ORMDL3	1739	232.4	0.244887059123534	0.2509	0.01683
CCDC12	386	232.4	0.265436896049098	0.2497	0.01683
RNF20	2215	233	0.250961573533219	0.2501	0.01693
IER3IP1	1186	233.8	0.246104009883917	0.2509	0.01707
SNX4	2523	235.6	0.246104009883917	0.2541	0.01737
TMEM209	2740	236.1	0.243669080966863	0.2543	0.01747
DPY30	720	236.4	0.357270475679559	0.2537	0.01751
GPN1	1031	236.4	0.359521170427595	0.2525	0.01752
OXA1L	1750	236.4	0.246104009883917	0.2514	0.01752
SNX12	2518	236.5	0.243669080966863	0.2504	0.01754
PCNT	1794	237.3	0.24731993497982	0.2512	0.01767
GCLM	967	237.7	0.242450073677701	0.251	0.01774
UBAP2	2854	239	0.241230035515445	0.2531	0.01797
SPAG5	2536	241.3	0.24000896473507	0.2577	0.01839
BDH1	289	241.5	0.257010618206024	0.2572	0.01843
TNS3	2757	241.7	0.238786859587116	0.2564	0.01846
FXR2	946	241.8	0.238786859587116	0.2554	0.01847
RTF1	2334	242	0.264236151043547	0.2548	0.01851
AKAP9	101	242.3	0.241230035515445	0.2545	0.01857
SSFA2	2586	242.9	0.237563718317676	0.2549	0.01868
REXO2	2190	243.2	0.237563718317676	0.2543	0.01873
RAB2B	2111	244.4	0.237563718317676	0.2562	0.01895
UBE2K	2861	246.6	0.235114320376357	0.2604	0.01935
SMARCB1	2478	246.7	0.236339539168374	0.2596	0.01937
OSBPL2	1742	247.1	0.236339539168374	0.2593	0.01944
FADS2	874	247.7	0.236339539168374	0.2597	0.01955
JAG1	1246	248.8	0.236339539168374	0.2612	0.01975
FAM192A	886	249.1	0.235114320376357	0.261	0.01982
HDHD1	1081	249.2	0.267835392097615	0.2602	0.01984
TBC1D4	2670	250.2	0.233888060174277	0.2613	0.02002
SMCHD1	2487	252.2	0.233888060174277	0.265	0.02039
MRPL47	1486	252.8	0.235114320376357	0.2654	0.0205
PEG10	1824	252.9	0.238786859587116	0.2646	0.02053
ADNP	66	253.6	0.232660756790275	0.2652	0.02066
ISY1	1232	253.6	0.232660756790275	0.2642	0.02067
GOT2	1026	254.1	0.238786859587116	0.2642	0.02076
FKBP15	914	254.9	0.231432408447965	0.2651	0.02092
SLC25A10	2450	255.7	0.230203013366421	0.2659	0.02107
RBM5	2172	256.4	0.231432408447965	0.2665	0.0212
AKAP12	97	256.6	0.233888060174277	0.2657	0.02123
NDUFS6	1604	257	0.255802836602718	0.2657	0.02132
NUF2	1698	257	0.230203013366421	0.2648	0.02132
ZC3H11A	3020	260.5	0.253384235800074	0.2721	0.022
GLO1	984	261.3	0.227741075839128	0.2729	0.02215
EIF2B4	777	262.2	0.22650852980868	0.2739	0.02233
CKAP2	475	262.2	0.227741075839128	0.273	0.02234
C19orf52	327	262.4	0.228972569760161	0.2723	0.02238
CDK12	430	262.8	0.227741075839128	0.2722	0.02246
SLBP	2445	262.9	0.227741075839128	0.2713	0.02248
SAMM50	2355	264.3	0.225274929869569	0.2736	0.02275
DDRGK1	635	264.5	0.225274929869569	0.2731	0.0228
MIA2	1437	265.3	0.22404027421793	0.2737	0.02295
ALKBH5	121	265.4	0.225274929869569	0.2729	0.02296
BOD1L1	299	266.5	0.225274929869569	0.2744	0.02318
CMAS	499	268.1	0.269033146455237	0.2773	0.02352
CCNB1	397	268.2	0.22404027421793	0.2765	0.02354
NOC4L	1646	268.7	0.22404027421793	0.2765	0.02363
JAGN1	1247	268.8	0.258217389536018	0.2759	0.02367
ATP6V0A1	248	270.8	0.248534836138679	0.2796	0.02408
TMEM33	2741	273.1	0.220329954879556	0.284	0.02456
UGGT1	2895	273.2	0.219091058246197	0.283	0.02456
MESDC2	1427	274.8	0.221567788538409	0.2859	0.0249
RPL26L1	2248	275.1	0.220329954879556	0.2855	0.02496
LTV1	1361	275.2	0.219091058246197	0.2846	0.02498
GMPPA	995	275.8	0.302172799740752	0.2851	0.02512
WIBG	2989	275.9	0.219091058246197	0.2841	0.02512
MEMO1	1424	276.1	0.217851096811131	0.2835	0.02517
STIM1	2603	276.2	0.220329954879556	0.2829	0.0252
SETD3	2412	277	0.219091058246197	0.2836	0.02536
FARSA	897	281.6	0.215367972203479	0.2936	0.02635
NDC1	1582	283.9	0.215367972203479	0.2981	0.02685
SMARCA1	2475	285.3	0.214124805352847	0.3003	0.02715
FBXO30	903	285.5	0.22404027421793	0.2998	0.0272
UFC1	2889	288.4	0.215367972203479	0.3057	0.02784
MRPL48	1487	288.9	0.211635253327149	0.3057	0.02794
GPRC5A	1033	292	0.211635253327149	0.3121	0.02862
SMEK1	2488	292	0.211635253327149	0.3111	0.02863
FXR1	945	293	0.210388864445403	0.3123	0.02885
DAP3	613	293.6	0.210388864445403	0.3127	0.02899
OCIAD2	1728	294.7	0.210388864445403	0.3144	0.02925
DHRS4	671	298	0.211635253327149	0.3213	0.03
DCPS	624	298.6	0.207892851641333	0.3217	0.03014
RETSAT	2189	299	0.209141397838592	0.3215	0.03023
NENF	1619	299.2	0.207892851641333	0.3208	0.03026
LNP	1336	300	0.207892851641333	0.3217	0.03045
MT-CO3	1512	303.3	0.205392512989685	0.3287	0.03122
UNC45A	2900	303.6	0.205392512989685	0.3284	0.0313
MT1E	1513	303.7	0.205392512989685	0.3274	0.03132
DNTTIP2	711	303.9	0.204140716780225	0.3268	0.03137
TAB2	2651	304.4	0.271425676092934	0.3269	0.03148
AGRN	80	305.9	0.202887833470143	0.3294	0.03184
MOV10	1458	306.8	0.204140716780225	0.3306	0.03206
NUDT16L1	1693	307.6	0.308011314552178	0.3313	0.03224
STX5	2621	308	0.204140716780225	0.3312	0.03234
DOCK5	712	308.6	0.205392512989685	0.3315	0.03248
TCEAL3;TCEAL6;TCEAL5	2682	311.1	0.202887833470143	0.3366	0.03309
DCBLD2	622	311.4	0.20163386116965	0.3361	0.03315
CKS2	480	312.1	0.20163386116965	0.3367	0.03332
C20orf27	331	312.4	0.200378797984026	0.3363	0.03339
TIMM23B;TIMM23	2713	313.3	0.20163386116965	0.3374	0.03361
GOSR1	1024	313.6	0.200378797984026	0.3371	0.03369
MRPS25	1496	313.6	0.200378797984026	0.336	0.03369
ADO	67	314.7	0.20163386116965	0.3375	0.03395
ACTR1B	53	316.6	0.199122642013601	0.3412	0.03443
WDR5	2980	316.8	0.200378797984026	0.3404	0.03447
TTI1	2816	317.3	0.219091058246197	0.3405	0.03459
MTA3	1517	320.5	0.199122642013601	0.3474	0.0354
VPS45	2957	320.8	0.199122642013601	0.347	0.03547
NCOR1	1581	321	0.196607044094818	0.3464	0.03553
SSU72	2592	322.1	0.20163386116965	0.3478	0.03579
PTPRJ	2075	322.3	0.196607044094818	0.3472	0.03584
SMU1	2495	324.7	0.197865391353738	0.352	0.03645
COMMD3	519	324.7	0.195347598322219	0.3509	0.03645
UBE2S	2867	326	0.195347598322219	0.3529	0.03677
SIN3A	2441	326	0.199122642013601	0.3518	0.03677
ITM2C	1242	326.8	0.195347598322219	0.3527	0.03698
CCDC43	389	327.4	0.194087052116302	0.3529	0.03712
DDX41	649	328.7	0.192825403552391	0.355	0.03746
ELOF1	812	328.9	0.242450073677701	0.3543	0.0375
OSBPL10	1741	329.3	0.200378797984026	0.3542	0.03761
BCAP29	280	331.5	0.191562650700756	0.3586	0.0382
NELFA	1614	332	0.192825403552391	0.3586	0.03831
ATXN2	260	332	0.191562650700756	0.3575	0.03831
C17orf85	325	332.7	0.194087052116302	0.3582	0.03851
ARHGEF10	195	333.6	0.191562650700756	0.3593	0.03874
ARHGAP35	190	337.6	0.191562650700756	0.3677	0.03977
PSMG1	2056	338.3	0.190298791626595	0.3685	0.03998
JUP	1250	338.5	0.190298791626595	0.3679	0.04003
MEPCE	1426	340.6	0.187767747046025	0.3719	0.04059
ORMDL1;ORMDL2	1738	341	0.189033824390017	0.3716	0.04067
ATP5J2	244	341.1	0.190298791626595	0.3708	0.04071
SNX8	2526	341.3	0.242450073677701	0.3702	0.04077
AP3M1	154	341.4	0.187767747046025	0.3694	0.04081
RING1	2204	344.6	0.187767747046025	0.3759	0.04165
C1orf52	329	344.9	0.257010618206024	0.3757	0.04175
LPP	1341	345.1	0.186500557644495	0.3749	0.04177
SNRPGP15;SNRPG	2514	345.6	0.187767747046025	0.3751	0.04192
KDELR1	1255	348.7	0.206643223983395	0.3815	0.04276
C14orf142	322	348.8	0.185232254230161	0.3806	0.04279
LAMB3	1297	349.6	0.185232254230161	0.3815	0.04302
PRKCDBP	1988	351.1	0.183962834842595	0.3841	0.04343
BRIX1	306	351.3	0.183962834842595	0.3833	0.04347
C9orf114	335	352.1	0.183962834842595	0.3841	0.04369
C4orf27	332	352.5	0.183962834842595	0.3841	0.04381
ARGLU1	185	354	0.18269229751619	0.3866	0.04423
POLA1	1900	354.2	0.18269229751619	0.386	0.04428
LARP7	1306	355.6	0.186500557644495	0.3882	0.04467
MT1X	1514	356.9	0.18269229751619	0.3902	0.04503
PELP1	1825	357.7	0.181420640280142	0.3912	0.04527
SMG9	2490	359	0.181420640280142	0.3933	0.04564
SCCPDH	2371	360.6	0.180147861158429	0.396	0.04609
MARK2	1395	360.7	0.180147861158429	0.3952	0.04612
PEBP1	1822	360.9	0.180147861158429	0.3944	0.04616
CD3EAP	409	367.5	0.183962834842595	0.4096	0.04807
CETN2	448	369.3	0.176322772640463	0.4128	0.04858
ATL2	228	369.8	0.176322772640463	0.4128	0.04871
RABGAP1	2126	370.5	0.176322772640463	0.4134	0.04892
CYC1	607	370.6	0.176322772640463	0.4125	0.04895
MAP4K4	1384	371.7	0.175045486110914	0.4143	0.0493
FRG1	933	372.9	0.250961573533219	0.416	0.04964
TBC1D15	2667	373	0.176322772640463	0.4149	0.04965
