gene.index	RP.Rsum	FC..class1.class2.	pfp	P.value
SSU72	2592	1.587	-5.0303245368568	1.317e-06	4.329e-10
CMAS	499	2	-4.61422662221166	2.08e-06	1.367e-09
DSG2	725	3.634	-2.81096617560998	2.03e-05	2.002e-08
RBX1	2177	5.241	-2.45087301980073	6.86e-05	9.02e-08
EEF1A2	756	5.518	-2.29689930039584	6.738e-05	1.107e-07
RMDN1	2208	6.316	-2.17984146526984	9.579e-05	1.889e-07
ITGB5	1241	8.041	-1.8170535054889	0.0002093	4.816e-07
BSG	309	9.345	-1.612637459164	0.0003243	8.53e-07
PLEC	1879	9.726	-1.68826439802073	0.0003353	9.92e-07
ZNF185	3034	10.26	-1.46116389225853	0.000369	1.213e-06
TXNRD1	2843	10.95	-1.87673111250565	0.0004277	1.547e-06
KIAA1671	1266	13.28	-1.11622280248379	0.0008022	3.164e-06
RSRC2	2331	13.99	-0.979373349410042	0.0008971	3.834e-06
AATF	8	15.7	-0.929610672108602	0.001258	5.79e-06
RIOK1	2206	16.43	-0.897812206776385	0.001375	6.781e-06
GNL3L	1011	21.54	-0.691056711874786	0.003242	1.705e-05
PEF1	1823	21.54	-0.729770092762002	0.003052	1.705e-05
PPIA	1924	22.39	-0.730488030095001	0.003277	1.939e-05
WTAP	2992	24.9	-0.663373834236464	0.004415	2.757e-05
FAM213A	888	26.1	-0.703219582573575	0.004892	3.216e-05
DAG1	612	26.21	-0.638680798442784	0.00472	3.259e-05
C19orf52	327	26.4	-0.599462070416271	0.004615	3.337e-05
NCAPD3	1570	27.92	-0.619270551496451	0.005293	4.002e-05
SPATA5	2540	28.82	-0.623931928866314	0.005621	4.435e-05
SYNE3	2647	28.82	-0.6080123737802	0.005397	4.435e-05
UBXN7	2885	32.74	-0.534077760696063	0.007804	6.67e-05
ODR4	1730	33.72	-0.521183470950585	0.008251	7.324e-05
NENF	1619	34.8	-0.529905707352221	0.008796	8.096e-05
LAMA5	1295	35.92	-0.501442751900983	0.009378	8.94e-05
SAAL1	2349	37.22	-0.492484413520771	0.01014	1e-04
MARCH5	1392	38.78	-0.485397973557959	0.01116	0.0001137
SGPL1	2429	39.63	-0.465340719586122	0.01156	0.0001216
FBXO30	903	41.44	-0.476739159547285	0.01288	0.0001397
CGGBP1	451	42.54	-0.452846341187431	0.01356	0.0001515
ZMPSTE24	3032	43.2	-0.442614418576475	0.01381	0.0001589
PSMF1	2055	43.88	-0.438698305854631	0.01409	0.0001667
RBM5	2172	44.56	-0.438307278601691	0.01437	0.0001747
CLPTM1L	493	45.97	-0.433038757685511	0.0154	0.0001923
BMI1	297	47.3	-0.420626732932613	0.01637	0.0002099
IRF2BP2	1225	47.4	-0.474331992624722	0.01606	0.0002112
HSP90AB2P	1155	47.93	-0.429537068973959	0.01621	0.0002185
PRKACB	1983	49.46	-0.400301346996265	0.01741	0.0002403
PGM3	1847	49.67	-0.395549069687484	0.01722	0.0002435
EPS8	837	52.73	-0.396118517115792	0.02018	0.0002919
ARL2	200	52.79	-0.387411593301282	0.0198	0.0002929
CDC20	420	54.47	-0.391001563823334	0.02128	0.0003217
SNRPE	2512	57.32	-0.369594528517677	0.02428	0.0003751
GPATCH8	1027	57.69	-0.375758703927476	0.02422	0.0003822
TRIM38	2791	58.53	-0.425850039490298	0.02478	0.0003992
IP6K1	1215	60.24	-0.366057368764396	0.02646	0.000435
RRP8	2326	62.33	-0.339892833529422	0.02871	0.0004813
NUDCD2	1689	62.51	-0.347398782403481	0.0284	0.0004855
SSR3	2588	64.17	-0.351810697281862	0.03011	0.0005246
STX4	2620	66.97	-0.341354345662404	0.03351	0.0005949
C9orf64	338	67.69	-0.324997083806073	0.03395	0.0006139
CLASP1	481	69.02	-0.334607228958109	0.03532	0.0006502
LGALS8	1319	69.31	-0.35089043505707	0.03513	0.0006582
DNAJC3	701	70.94	-0.308823203187876	0.03695	0.0007045
NIPSNAP1	1632	73.39	-0.308287184217976	0.0401	0.0007777
PGRMC2	1850	74.23	-0.308823203187876	0.04075	0.0008038
DDX41	649	74.5	-0.313656356923819	0.04051	0.0008123
ZFPL1	3030	74.58	-0.304184308384355	0.03998	0.0008149
GPRC5A	1033	74.6	-0.300803754851756	0.03939	0.0008157
VPS28	2951	75.42	-0.298850206766001	0.04001	0.0008418
YY1	3019	76.53	-0.300981481373803	0.04111	0.0008784
NECAP2	1609	77.99	-0.294420138060902	0.04275	0.0009275
PYCRL	2093	78.36	-0.302582006082551	0.0427	0.0009404
PRKAG1	1984	78.75	-0.295305064200951	0.04268	0.000954
DDX52	655	79.2	-0.49817873457909	0.04276	0.0009699
LIMS1	1326	83.03	-0.284721607708897	0.04829	0.001111
NDUFS3	1603	83.35	-0.286656104914671	0.04812	0.001123
EHMT2	769	83.55	-0.285424761148374	0.04779	0.001131
RTN3	2336	83.63	-0.283843147570394	0.04725	0.001134
ENPP4	826	84.9	-0.311864411542665	0.04869	0.001184
PLK1	1882	85.05	-0.311327261660857	0.04828	0.00119
ICMT	1178	85.34	-0.320486120713456	0.04811	0.001202
MICAL3	1440	89.21	-0.471128671761879	0.05388	0.001364
RALBP1	2139	92.62	-0.306680321188425	0.05916	0.001517
ECH1	746	95.83	-0.262918994846901	0.0643	0.00167
CDK12	430	96.79	-0.262399759627731	0.0653	0.001717
MCAM	1404	97.18	-0.252397769725057	0.06523	0.001737
LARP7	1306	97.82	-0.251538766995964	0.06564	0.001769
DNM1L	706	98.08	-0.253773238823062	0.06533	0.001782
JAGN1	1247	98.56	-0.254117311097741	0.06545	0.001807
RPL39P5;RPL39	2264	100.4	-0.24588214044795	0.0682	0.001906
PHC2	1854	105.5	-0.24759392878462	0.07728	0.002185
IDH3A	1182	107.4	-0.252913416972182	0.08036	0.002298
SSBP1	2585	107.8	-0.242293982518657	0.08015	0.002319
KDELR1	1255	108.2	-0.379507426423559	0.08004	0.002342
APOBEC3C	165	108.3	-0.235653844922546	0.07947	0.002351
PDCD11	1800	108.5	-0.241611534520648	0.07903	0.002364
GOLM1	1021	111.7	-0.238204128494354	0.08462	0.002559
GMPR2	997	112.1	-0.231074664436249	0.0845	0.002583
TUBGCP3	2831	112.5	-0.245711073270316	0.08458	0.002614
TMEM33	2741	113.8	-0.233108061588777	0.08635	0.002697
LMF2	1331	114.9	-0.240418026766445	0.08767	0.002767
PIP4K2A	1866	115.1	-0.240247606231029	0.08713	0.002778
ANKRD17	127	115.7	-0.228705984348338	0.08749	0.002819
BAHCC1	272	116.5	-0.389488908333891	0.08825	0.002872
NRP1	1671	116.6	-0.225160240172674	0.08763	0.002881
MRPL22	1477	117	-0.243659847748147	0.08755	0.002907
CD82	415	118	-0.231413364999112	0.08869	0.002974
IQSEC2	1224	118.4	-0.289827251720338	0.0887	0.003003
PVRL2	2086	118.7	-0.227016447861895	0.0885	0.003026
POLD1	1901	120.2	-0.225834948493583	0.09073	0.003132
EMG1	820	120.8	-0.223474848578088	0.09103	0.003172
ATP5J2	244	121	-0.223474848578088	0.09057	0.003186
ACOT2;ACOT1	35	121.7	-0.227692025041597	0.09119	0.003238
UPP1	2902	121.9	-0.22465441592596	0.09071	0.00325
ARHGAP29	189	122.3	-0.221286778913893	0.09074	0.003281
EPHX1	832	122.3	-0.220109960659953	0.08995	0.003282
ARHGEF18	196	126.4	-0.215244771307591	0.09755	0.003592
SRSF4	2577	127.3	-0.213570916796944	0.09841	0.003655
ANAPC2	124	127.5	-0.22044609650511	0.09801	0.003673
SMEK1	2488	129.1	-0.211731917133163	0.1005	0.0038
UBE2D2;UBE2D4;UBE2D3;UBE2D1	2858	129.7	-0.213738214882699	0.1008	0.003844
RPS6KA3	2310	130	-0.230059039585513	0.1007	0.003871
RBM17	2165	130.8	-0.211230778342427	0.1015	0.003937
GOT2	1026	130.9	-0.217088257119184	0.1008	0.003944
NIT1	1633	131.7	-0.212567535483132	0.1015	0.004005
F3	871	131.9	-0.21742368958777	0.1011	0.004023
NOC4L	1646	134.3	-0.208727692223415	0.1053	0.004223
PHF5A	1856	135.1	-0.218262612121666	0.1061	0.004288
FAM98A	895	135.2	-0.215914857265243	0.1054	0.004296
NSDHL	1673	136.8	-0.205396985351244	0.108	0.004437
SDF4	2378	137.2	-0.207227922481881	0.1079	0.004469
C9orf78	339	138	-0.214407601295769	0.1088	0.00454
GMFB	994	140.5	-0.209394757333387	0.1132	0.004762
ESD	850	141.9	-0.208394275295448	0.1154	0.004895
FTSJ1	938	142	-0.349603053330211	0.1146	0.004899
DHCR7	668	144.3	-0.199255376063222	0.1188	0.005116
SORT1	2534	144.6	-0.199089748941648	0.1184	0.005138
THUMPD3	2708	144.9	-0.212734717248298	0.1183	0.005171
ENO1	823	145.3	-0.205230651686346	0.1182	0.005208
DEGS1	660	146.3	-0.199089748941648	0.1195	0.005305
UBLCP1	2875	147.9	-0.195615964558658	0.1221	0.005458
ARFIP2	184	149.7	-0.200415298630296	0.125	0.005631
WAC	2963	149.9	-0.211230778342427	0.1246	0.005651
PEPD	1826	150.8	-0.194790104417674	0.1256	0.00574
PHF6	1857	157	-0.188035824689806	0.1384	0.006371
ZC3H6	3025	157.6	-0.235993622371335	0.1389	0.006437
PRKRA	1992	158.1	-0.198758551731541	0.139	0.006488
LSS	1359	158.3	-0.186885808653711	0.1386	0.006516
PTPN23	2074	159	-0.187871480548729	0.1392	0.006588
CTNNBL1	586	163.7	-0.185408562336802	0.1491	0.007105
BTF3L4	313	164.4	-0.18311362598508	0.1496	0.007181
RAP2B	2150	165.2	-0.183441250612556	0.1505	0.007274
ATP6V1E1	254	165.3	-0.186721595456688	0.1497	0.007283
IMP3	1208	166.2	-0.182458599848566	0.1507	0.007382
HYI	1173	167.1	-0.18311362598508	0.152	0.007494
ERBB2IP	840	167.2	-0.181967525341905	0.1512	0.007505
ZC3H14	3021	169.3	-0.180168347573463	0.155	0.007745
ATP5L	245	169.5	-0.180331816503544	0.1543	0.007762
RASGEF1C	2154	171.5	-0.182294889772829	0.158	0.007996
PRDX4	1975	172.8	-0.177718533704293	0.16	0.008155
ELOVL1	813	173.8	-0.183768949657892	0.1613	0.008272
RBM15	2164	174.7	-0.180822334457232	0.1624	0.008383
BCCIP	286	174.8	-0.175435787910173	0.1618	0.008402
MTX2	1526	176	-0.175272872767897	0.1634	0.008539
VDAC3	2946	177.8	-0.173807463763398	0.1667	0.008769
SCAMP4	2369	177.8	-0.175109976020602	0.1658	0.008773
POGZ	1899	178.2	-0.175109976020602	0.1655	0.008815
AAMP	4	179.4	-0.173970213500261	0.1674	0.008971
RBM3	2168	180.7	-0.179514657013621	0.1693	0.00913
GTPBP10	1058	181.5	-0.187542848419543	0.1703	0.009237
MGAT2	1434	181.8	-0.177881725270655	0.1698	0.009267
TMEM165	2739	183.5	-0.180168347573463	0.1729	0.009492
SNRPB;SNRPN	2506	184.1	-0.171693386224356	0.1733	0.00957
DHX36	677	184.2	-0.171855897634372	0.1726	0.009588
GID8	977	185.6	-0.170393953539446	0.1746	0.009759
SAMM50	2355	186.8	-0.178044935298647	0.1766	0.009929
SLC25A4	2455	187.8	-0.169095690197941	0.1777	0.01005
NUDT9	1697	189.1	-0.168284868482175	0.1798	0.01023
PTDSS1	2063	189.8	-0.167312483560468	0.1805	0.01033
GAMT	956	190.9	-0.168771306825942	0.1821	0.01047
ABCC1	9	191.3	-0.165693297037092	0.1819	0.01052
MRPL4	1483	192.7	-0.165369677690538	0.1842	0.01072
CNOT3	510	195.8	-0.164075925745625	0.1905	0.01115
GNS	1014	196.5	-0.162783332946971	0.191	0.01124
CTNNA2	583	196.6	-0.162621840246193	0.1903	0.01126
JAK1	1248	196.8	-0.162783332946971	0.1897	0.01129
FUT8	944	196.9	-0.163106372590257	0.189	0.01131
FABP5	873	197.7	-0.161491897219344	0.1898	0.01142
NOLC1	1651	197.8	-0.163267919540864	0.1891	0.01144
CARM1	365	197.9	-0.163106372590257	0.1882	0.01145
PAFAH1B3	1765	198.6	-0.167960667348026	0.1889	0.01155
EPS8L2	838	200.2	-0.161814647789121	0.1915	0.01177
RNF113A	2210	202.2	-0.162621840246193	0.195	0.01205
ENAH	822	202.6	-0.158751428693752	0.1951	0.01212
ARHGAP5	191	202.8	-0.161007906706259	0.1945	0.01215
FXR2	946	203.7	-0.159395776645905	0.1956	0.01228
GATAD2B	963	206.1	-0.159395776645905	0.2002	0.01264
PPIL4	1931	208.6	-0.159395776645905	0.2049	0.013
GALNT2	954	209	-0.156659283139807	0.2049	0.01307
FADS2	874	209.2	-0.192315356756893	0.2042	0.01309
WDR5	2980	210.6	-0.163267919540864	0.2065	0.0133
CCDC94	396	211.1	-0.156498474463177	0.2067	0.01338
THOC3	2701	211.8	-0.154570167148848	0.2073	0.0135
SEMA7A	2398	212.3	-0.158107368396944	0.2074	0.01357
ORMDL1;ORMDL2	1738	214.1	-0.15360697914764	0.2105	0.01384
FAT1	900	214.6	-0.153286059328523	0.2106	0.01391
PELP1	1825	214.9	-0.22044609650511	0.2102	0.01396
PSMD8	2050	215.9	-0.154088492766469	0.2116	0.01412
RB1	2156	216.5	-0.153125626185084	0.2119	0.01421
WBP2	2968	216.6	-0.15200309344505	0.2113	0.01424
GOSR1	1024	217.4	-0.152804813410605	0.2121	0.01436
SDCBP	2376	221.8	-0.205563338195578	0.2213	0.01506
PYCR2	2092	222.2	-0.149280573272602	0.2212	0.01512
ILKAP	1205	224.1	-0.15072126746922	0.2246	0.01543
RAN	2141	224.1	-0.149600603229745	0.2235	0.01543
MED10	1421	224.2	-0.152965210880434	0.2227	0.01545
MAD2L1	1372	225.4	-0.148161027150656	0.2246	0.01565
ARPC3	211	228.5	-0.148480808830096	0.2309	0.01617
NUP160	1706	229.3	-0.148960614291275	0.2317	0.0163
PKN1	1872	229.8	-0.147042349134347	0.2319	0.01639
PHAX	1851	233.4	-0.145924537878446	0.2394	0.017
WDR36	2977	235.9	-0.143532140490526	0.2443	0.01743
RAD21	2132	236.1	-0.143850897681591	0.2438	0.01747
APBB1IP	156	236.3	-0.142417044615852	0.2432	0.01751
RPL37A	2262	238	-0.142417044615852	0.2462	0.0178
EIF2B4	777	238.5	-0.142576291267693	0.2462	0.01788
FHOD1	910	239	-0.146563181111933	0.2463	0.01798
CPNE1	548	239.1	-0.149760644834091	0.2454	0.01799
TPI1	2774	240.1	-0.141939410100352	0.2468	0.01818
MRPL37	1481	240.4	-0.140507454607221	0.2465	0.01823
SNRPF	2513	241.5	-0.139871485877112	0.2479	0.01842
TOP2B	2767	243.7	-0.142417044615852	0.2522	0.01882
GLB1	981	244.2	-0.140189435198705	0.2524	0.01892
SURF4	2641	245.1	-0.138600388842562	0.2534	0.01907
HNRNPLL	1134	245.3	-0.139235797371172	0.2527	0.0191
RPS6KA1	2309	246.2	-0.139235797371172	0.2539	0.01928
LAMP2	1299	246.3	-0.138918058125115	0.253	0.01929
RPA3	2227	246.3	-0.146084172184655	0.2519	0.0193
MTMR1	1522	246.9	-0.140666490603732	0.2524	0.01941
BRAT1	303	247.4	-0.144807592040846	0.2524	0.0195
GNAI3	1002	247.6	-0.138124016032921	0.2518	0.01954
MRPL16	1476	248	-0.13764780046798	0.2518	0.01962
SETD7	2413	248.3	-0.13701309080491	0.2514	0.01967
PGAM5	1841	248.4	-0.138282789492707	0.2505	0.01968
NDC1	1582	249.9	-0.137330410731602	0.2531	0.01996
GMPPA	995	253.4	-0.13764780046798	0.2602	0.02062
ARHGAP35	190	253.4	-0.136695840657202	0.2593	0.02063
OSTC	1746	254.7	-0.136061549576028	0.2613	0.02088
USMG5	2913	254.7	-0.140984615200586	0.2603	0.02088
DHPS	670	255	-0.136378660257795	0.2598	0.02093
RIF1	2203	255.7	-0.169257909239085	0.2605	0.02107
SLC25A1	2449	256	-0.135269077685249	0.2602	0.02113
PLBD2	1876	256.1	-0.169906967867011	0.2593	0.02114
MGST1	1436	256.5	-0.134002027397734	0.2593	0.02123
TIAL1	2710	257.9	-0.134002027397734	0.2614	0.02148
THOC2	2700	258.3	-0.133527170284152	0.2614	0.02157
EMC1	816	258.7	-0.133527170284152	0.2613	0.02165
H6PD	1066	259.3	-0.13384372432621	0.2617	0.02177
SEL1L	2397	266	-0.132261648237312	0.2765	0.02309
EBP	744	268.9	-0.130365444186607	0.2826	0.02369
OSBPL10	1741	271	-0.130997235324748	0.2866	0.02412
ATP6V0A1	248	271.2	-0.134318685660833	0.2858	0.02414
ALKBH5	121	272.2	-0.162944843726976	0.2872	0.02436
TIPRL	2719	272.4	-0.128629443818545	0.2866	0.0244
WDR6	2981	273.5	-0.128314031696412	0.2881	0.02462
MID1	1441	273.5	-0.129576094141808	0.2872	0.02464
RPL31	2255	273.7	-0.131313234677865	0.2863	0.02466
RNF115	2212	276.8	-0.127053072332066	0.2929	0.02533
UBE2O	2865	277.1	-0.12736820886475	0.2925	0.02539
PPP1R13L	1944	277.2	-0.139712537489259	0.2917	0.02541
APEH	157	278.2	-0.126423005703037	0.2929	0.02561
CRTAP	561	280.5	-0.128156351490682	0.2975	0.02611
VAC14	2930	280.9	-0.12784104277106	0.2972	0.02618
PPP4R1	1962	280.9	-0.124534455145291	0.2962	0.02619
PFDN2	1832	280.9	-0.125793214122201	0.2951	0.02619
HSPA14	1157	281	-0.126108075546604	0.2943	0.02621
LAMB3	1297	281.3	-0.124219936931512	0.2939	0.02628
SNRPD2	2510	286.2	-0.122962549301302	0.3046	0.02734
ARHGAP18	188	287.1	-0.126580496565143	0.3058	0.02754
ARPC1A	208	288.5	-0.124534455145291	0.3081	0.02785
DCBLD2	622	291.4	-0.121235428732646	0.3141	0.0285
UBE4A	2872	291.8	-0.121235428732646	0.314	0.02859
MEPCE	1426	295.8	-0.120764754472295	0.3227	0.02949
POLD2	1902	296.2	-0.119510373312181	0.3227	0.02959
RFC5	2196	297.1	-0.119823866368801	0.3236	0.02979
RBM34	2169	297.9	-0.133368919305999	0.3246	0.02998
CACTIN	341	299.5	-0.118726938570751	0.3273	0.03034
CORO1B	535	300.7	-0.118413683756604	0.329	0.03061
TSR1	2811	303.4	-0.117943929031374	0.3347	0.03125
PPP1R11	1942	304.1	-0.117787378107137	0.3353	0.03141
MRPS27	1497	304.4	-0.117317827235331	0.3349	0.03149
RNF7	2217	305.6	-0.117943929031374	0.3368	0.03178
STXBP2	2625	306.7	-0.118883591488098	0.3384	0.03204
MYO18A	1542	307.5	-0.117943929031374	0.3392	0.03222
CCNH	398	310.1	-0.123276793484833	0.3444	0.03283
SLC25A5	2456	312.6	-0.115910090866467	0.3497	0.03345
HEBP1	1084	313.9	-0.115284870903967	0.3516	0.03375
CDC42	423	314.3	-0.113723005382915	0.3515	0.03386
DCPS	624	314.7	-0.114035243246029	0.3513	0.03395
C12orf10	321	317.2	-0.112474729258412	0.3565	0.03457
RALA	2137	317.9	-0.113723005382915	0.357	0.03474
LGALS3BP	1318	318.1	-0.112006904023522	0.3565	0.03481
DIAPH2	682	318.5	-0.113879115867392	0.3562	0.0349
SLBP	2445	319.2	-0.112006904023522	0.3567	0.03506
MRPL27	1479	320	-0.117630844168841	0.3577	0.03528
AKR1A1	102	320.7	-0.112630704721118	0.3583	0.03545
THOP1	2705	321.9	-0.111695104791513	0.36	0.03574
GNA13	1000	322	-0.116691997037516	0.3591	0.03577
ALG2	119	322.1	-0.114347548700413	0.3581	0.03579
MRPL15	1475	325.6	-0.110760111213168	0.3658	0.03667
BCAT2	285	327.3	-0.110760111213168	0.3689	0.03711
ARHGEF10	195	327.6	-0.108580813153921	0.3685	0.03719
ATF7;ATF2	223	329.2	-0.113879115867392	0.3712	0.03759
BMS1	298	331.1	-0.109981412516178	0.375	0.03809
ENY2	828	332.9	-0.109825723200656	0.3784	0.03856
PURB	2084	333.9	-0.113254775257891	0.3796	0.0388
DDOST	634	334.4	-0.107181572204967	0.3796	0.03894
WDR3	2976	335.8	-0.109981412516178	0.3821	0.03932
MAPKAPK3	1389	336.9	-0.109047528542978	0.3835	0.03959
PAPSS2	1775	337.1	-0.10609421115363	0.3829	0.03965
CLPB	490	337.4	-0.106404802121652	0.3823	0.03972
MCCC2	1405	337.4	-0.106404802121652	0.3813	0.03973
GLTP	990	337.7	-0.117004878201373	0.3809	0.03982
CD3EAP	409	339.1	-0.106249498279434	0.3831	0.04018
VPS4A	2958	343.6	-0.106249498279434	0.3933	0.04137
CAMK2D	350	346	-0.105783687036872	0.3982	0.04202
HADHB	1070	347.1	-0.103766907792202	0.4	0.04234
ARMCX3	206	349.3	-0.103456884144101	0.4044	0.04294
APOA1BP	162	349.4	-0.103456884144101	0.4034	0.04297
MORF4L2	1457	350.3	-0.102991973551682	0.4044	0.0432
UTP18	2927	350.8	-0.104697378666693	0.4046	0.04336
HMGCS1	1116	352.9	-0.106404802121652	0.4086	0.04393
RAB3GAP1	2114	356.3	-0.101443352706452	0.4162	0.04487
MAGT1	1375	356.6	-0.107336976421295	0.4157	0.04496
MRPL53	1489	359.5	-0.102062601579954	0.422	0.04578
ASNS	218	360.3	-0.100669665209555	0.4228	0.04601
GLRX3	987	360.3	-0.101133827916402	0.4216	0.04601
NOL10	1647	361.6	-0.100979090420583	0.4235	0.04636
UBE3A	2870	362.4	-0.102682116368169	0.4243	0.04659
CAV2	375	363.7	-0.119510373312181	0.4264	0.04696
ILVBL	1206	363.8	-0.100051013810328	0.4255	0.047
KIF3A	1274	364	-0.0998963924028721	0.4247	0.04705
DNPEP	710	365	-0.101133827916402	0.426	0.04734
MINA	1443	365.6	-0.0994326275853059	0.4263	0.0475
EED	754	365.9	-0.0998963924028721	0.4259	0.0476
EBNA1BP2	743	366.3	-0.103456884144101	0.4258	0.04773
SNX5	2524	368.2	-0.102991973551682	0.4293	0.04826
STX5	2621	368.4	-0.100051013810328	0.4285	0.04832
RAE1	2135	369.3	-0.0983510890836528	0.4297	0.04859
SNW1	2516	370.4	-0.0986600173591137	0.4312	0.04891
BPNT1	302	370.5	-0.0978878206694321	0.4302	0.04893
CNN3	508	1.913	3.32912359629157	3.352e-06	1.102e-09
CAST	372	2.289	3.18840092460321	3.945e-06	2.594e-09
MYO1E	1545	3.107	2.95158779481475	1.037e-05	1.023e-08
CNBP	504	4.762	2.58568366796481	4.66e-05	6.127e-08
VCL	2941	4.762	2.58111017522555	3.728e-05	6.127e-08
LARS	1307	5.593	2.48928602262588	5.927e-05	1.169e-07
FUNDC2	942	6.073	2.33656904176912	7.036e-05	1.619e-07
MACF1	1371	8.32	1.92371967874939	0.0002086	5.486e-07
TRAM2	2783	9.691	1.6406209280357	0.0003307	9.785e-07
ANXA6	141	10.97	1.51702367206458	0.000474	1.558e-06
TMEM59	2745	11.6	1.41953889151378	0.0005304	1.918e-06
RP2	2224	11.74	1.46152855947288	0.0005095	2.01e-06
RPP30	2278	11.74	1.44466706684191	0.0004703	2.01e-06
POM121;POM121C	1915	15.47	1.09761079662642	0.001195	5.5e-06
NUDT16L1	1693	17.43	1.02005765234125	0.001685	8.308e-06
HNRNPD	1126	19.36	0.960511710119024	0.002264	1.191e-05
CLIP2	488	19.88	0.930548119247855	0.002329	1.302e-05
MPP5	1464	19.98	0.916094422938358	0.002239	1.325e-05
JUP	1250	20.26	0.899948986189672	0.002222	1.388e-05
KIF21A	1270	20.77	0.91456452349394	0.002295	1.509e-05
NVL	1721	22.33	0.855192407959154	0.002785	1.922e-05
SPTBN1	2550	23.43	0.978927776381399	0.003121	2.257e-05
CARS2	367	26.67	0.752748591407134	0.004564	3.451e-05
WBSCR16	2969	27.61	0.718964335759539	0.004895	3.862e-05
PANK2;PANK3	1771	27.78	0.725959234509188	0.004795	3.941e-05
ITM2C	1242	29.06	0.682573297347578	0.005332	4.557e-05
TMEM209	2740	29.55	0.738983954700512	0.005413	4.805e-05
ARPP19	215	32.16	0.641546029087524	0.006848	6.303e-05
MRPL38	1482	32.23	0.630405471482323	0.006657	6.346e-05
FKBP15	914	32.46	0.632268215499513	0.006582	6.491e-05
ACSS2	44	33.59	0.603121869839996	0.007103	7.238e-05
GOLIM4	1020	37.56	0.54794331129035	0.009777	0.0001028
TOMM6	2763	39.14	0.566571640626761	0.01078	0.000117
ARFGAP3	181	39.45	0.525066592078211	0.01073	0.0001199
MED29	1422	39.93	0.640620928035698	0.01082	0.0001245
PPL	1932	45.65	0.490570130446201	0.0159	0.0001882
PFKM	1837	49.17	0.458382004156013	0.01942	0.0002362
SUMO1	2633	50.35	0.506906554580693	0.02032	0.0002539
ITGAV	1238	50.49	0.425459304765355	0.01996	0.0002559
HDHD1	1081	51.27	0.488515008957812	0.02039	0.0002681
AGL	75	51.51	0.431890348286181	0.02018	0.0002719
MEMO1	1424	51.92	0.423309237242387	0.02017	0.0002785
SRGAP1	2556	54.66	0.426533138116673	0.02301	0.0003252
SCOC	2373	54.76	0.457331625485014	0.02261	0.000327
FNBP1	930	54.79	0.411426245726465	0.02214	0.0003275
ATP6V1H	256	56	0.401630466584741	0.02312	0.0003497
CHID1	457	56.21	0.401630466584741	0.02289	0.0003537
USP4	2921	56.25	0.411426245726465	0.02247	0.0003545
ACOX1	38	56.98	0.393965275660243	0.02287	0.0003683
KIN	1279	57.71	0.396159489073155	0.02328	0.0003826
PTPRJ	2075	58.36	0.398350370345965	0.0236	0.0003956
MRPL51	1488	60.01	0.391767719955997	0.02516	0.0004301
SOGA1	2531	62.09	0.370722275148167	0.02731	0.0004758
NDFIP2	1584	64.32	0.410341104614087	0.02976	0.0005282
ATG5	225	65.05	0.408168370708106	0.03021	0.0005462
TBC1D4	2670	66.1	0.35501626421955	0.0311	0.0005724
ETHE1	857	67.03	0.353887836284907	0.03184	0.0005966
SAFB2	2353	69.44	0.343692069179019	0.03471	0.0006617
ARL3	201	69.88	0.34255474547732	0.03475	0.0006739
CCDC12	386	71.42	0.35501626421955	0.03642	0.0007184
ARHGAP17	187	71.58	0.364012053558615	0.03606	0.0007231
RACGAP1	2130	71.8	0.350497247084133	0.03579	0.0007295
CD58	412	72.02	0.336854639125465	0.03554	0.000736
PDHX	1808	72.31	0.334568275666133	0.03541	0.0007449
LRRFIP2	1352	72.6	0.329984649758421	0.03527	0.0007536
POLA1	1900	73.67	0.333423733725192	0.03625	0.0007864
RAB13	2103	75.05	0.329984649758421	0.03767	0.0008298
RINT1	2205	75.53	0.32883646422954	0.03783	0.0008456
NELFA	1614	77.42	0.318461465167583	0.04003	0.0009081
POLR2C	1912	78.68	0.327687364176047	0.04135	0.0009516
CHMP1A	459	79.16	0.327687364176047	0.0415	0.0009686
MAP7D1	1385	80.09	0.313826296390398	0.04232	0.001002
AKT2	107	82.03	0.319617934200161	0.04471	0.001073
TMA7	2731	82.25	0.302172799740752	0.04445	0.001081
INTS3	1213	83.4	0.360645202460216	0.04563	0.001125
HMGA1	1112	84.62	0.297484915710575	0.04695	0.001173
MYO5A	1546	87.39	0.289244285156642	0.0508	0.001286
CD46	411	89.43	0.549915553621955	0.05356	0.001373
JAKMIP1	1249	92.69	0.286881147788162	0.05852	0.00152
GPN1	1031	93.86	0.283329168051641	0.05989	0.001575
SEC16A	2384	93.92	0.292781749227846	0.05925	0.001578
ATP2B4	236	94.08	0.279768421593595	0.05882	0.001585
MRGBP	1469	97.02	0.279768421593595	0.06337	0.001729
TCEAL3;TCEAL6;TCEAL5	2682	97.94	0.269033146455237	0.06431	0.001776
KIF3B	1275	99.1	0.264236151043547	0.06568	0.001835
PTRHD1	2078	100	0.399444564589458	0.06663	0.001884
CC2D1B	383	101.8	0.267835392097615	0.06922	0.00198
COA6	515	103.5	0.272620454662992	0.07166	0.002073
SMG9	2490	104.2	0.261831658752137	0.07208	0.002109
MARCKSL1	1394	105.4	0.267835392097615	0.0737	0.002181
KIF23	1271	107.4	0.255802836602718	0.07675	0.002296
USP24	2919	109.1	0.24731993497982	0.07924	0.002396
ITCH	1233	109.1	0.250961573533219	0.07845	0.002398
GPR116	1032	109.3	0.269033146455237	0.07798	0.00241
CYCS	608	110.2	0.246104009883917	0.07898	0.002466
STEAP3	2602	111.5	0.241230035515445	0.08071	0.002547
HLA-DRA	1108	111.6	0.243669080966863	0.08012	0.002555
CST1	573	112.4	0.24000896473507	0.0808	0.002603
PODXL	1897	112.7	0.237563718317676	0.08067	0.002625
VANGL1	2934	114.2	0.249748715083569	0.08281	0.002722
NEDD4	1610	114.6	0.238786859587116	0.0827	0.002746
GTF3C4	1056	116	0.236339539168374	0.08468	0.00284
WDR44	2979	116.5	0.244887059123534	0.08486	0.002873
SFXN3	2427	117.6	0.231432408447965	0.08626	0.002949
LAMC1	1298	118.4	0.243669080966863	0.08711	0.003007
PREB	1978	123.4	0.270229907237998	0.09649	0.003362
ASPM	220	125.4	0.232660756790275	0.0998	0.00351
BASP1	276	127.6	0.219091058246197	0.1037	0.00368
AGRN	80	128	0.264236151043547	0.1035	0.003709
RAP1B	2148	128	0.270229907237998	0.1026	0.003711
TMEM106B	2737	128.6	0.228972569760161	0.103	0.003759
NOL11	1648	128.9	0.232660756790275	0.1027	0.003781
CYR61	611	130.7	0.225274929869569	0.1058	0.00393
NUMB	1701	132.2	0.216610068742442	0.108	0.004048
DCUN1D1	629	132.9	0.22404027421793	0.1086	0.004106
RNF149	2213	132.9	0.214124805352847	0.1077	0.004107
FDFT1	904	133.1	0.221567788538409	0.1072	0.004123
SNX17	2519	133.2	0.220329954879556	0.1065	0.004132
ADPGK	68	133.9	0.219091058246197	0.1071	0.004189
COL6A1	517	135.5	0.215367972203479	0.1097	0.004326
HACD3	1067	136.1	0.221567788538409	0.11	0.004375
OTUD6B	1749	136.6	0.210388864445403	0.1103	0.004423
F8A1	872	137	0.314986485468515	0.1101	0.004454
ENSA	827	137.1	0.212880566344385	0.1095	0.004465
GAPDH	958	137.7	0.212880566344385	0.1099	0.004515
ZNF207	3035	140.2	0.249748715083569	0.1144	0.00474
LRP10	1344	141.7	0.210388864445403	0.1166	0.004868
MED4	1423	142.1	0.207892851641333	0.1166	0.004905
SLC20A1	2448	142.6	0.266636642513989	0.1169	0.004955
TACC2	2653	142.7	0.232660756790275	0.1163	0.004968
UQCRB	2906	143.2	0.205392512989685	0.1163	0.00501
CTGF	581	144.1	0.212880566344385	0.1173	0.005092
VPS37A	2955	144.1	0.204140716780225	0.1166	0.005098
WRNIP1	2991	144.9	0.210388864445403	0.1174	0.005172
OSBPL2	1742	145.5	0.243669080966863	0.1178	0.005226
SEC24B	2390	145.6	0.206643223983395	0.117	0.005232
SF3B6	2423	145.7	0.202887833470143	0.1164	0.005244
KIF2C	1273	146.6	0.20163386116965	0.1175	0.005333
MRE11A	1468	148.2	0.202887833470143	0.12	0.005482
APP	167	149.8	0.200378797984026	0.1226	0.005641
CMC1	501	150.7	0.204140716780225	0.1236	0.005727
SPECC1L	2545	151.1	0.20163386116965	0.1237	0.005774
UBE2G2	2859	152.9	0.200378797984026	0.1266	0.005952
USP47	2922	152.9	0.197865391353738	0.1258	0.005953
AGO2	76	153.5	0.196607044094818	0.1261	0.006011
CTR9	590	156	0.195347598322219	0.1307	0.006271
ANTXR2	134	156.5	0.192825403552391	0.1309	0.006323
MIA3	1438	160.2	0.191562650700756	0.1381	0.006719
CST3	574	160.9	0.190298791626595	0.1388	0.0068
LEMD2	1312	161	0.190298791626595	0.138	0.006802
PTBP3	2061	163.7	0.187767747046025	0.1432	0.007109
RAB1A	2106	165	0.186500557644495	0.145	0.007244
NUP85	1715	165.2	0.186500557644495	0.1446	0.007274
UFL1	2891	166.2	0.190298791626595	0.1459	0.007384
PRC1	1969	166.6	0.185232254230161	0.1458	0.007429
ACAA1	20	166.8	0.183962834842595	0.1454	0.007456
PPFIBP1	1922	166.9	0.187767747046025	0.1446	0.007461
CLTCL1	497	169.2	0.237563718317676	0.1488	0.007731
MRPS7	1503	171.1	0.18269229751619	0.1523	0.007958
POR	1917	171.1	0.181420640280142	0.1513	0.007959
PSMB10	2023	171.2	0.181420640280142	0.1504	0.007961
PPIL1	1929	171.3	0.18269229751619	0.1497	0.007975
AP1B1	143	171.8	0.181420640280142	0.1501	0.008043
SRPR	2567	172.1	0.18269229751619	0.1497	0.008071
MRPS17	1492	172.9	0.185232254230161	0.1507	0.008173
CD2BP2	408	173	0.180147861158429	0.1499	0.008179
ESYT2	853	173.1	0.180147861158429	0.1492	0.00819
RPS27L	2301	174.2	0.181420640280142	0.1507	0.008325
TOLLIP	2759	174.6	0.181420640280142	0.1506	0.008368
AP1G1	144	174.8	0.180147861158429	0.1502	0.008395
HOOK3	1141	176.7	0.177598929327733	0.1536	0.008632
PARVA	1780	177	0.177598929327733	0.1533	0.008666
CTBP2	580	177.5	0.176322772640463	0.1536	0.008734
PTCD3	2062	179.9	0.176322772640463	0.1578	0.009025
PPIL3	1930	180.2	0.178873958169795	0.1577	0.009073
INPP1	1212	181.2	0.176322772640463	0.159	0.009197
CDK6	434	182	0.175045486110914	0.1598	0.009298
MAP2K1	1381	183.3	0.173767067736706	0.1617	0.009463
UBR1	2879	184.5	0.172487515510134	0.1636	0.009624
UFC1	2889	184.9	0.173767067736706	0.1635	0.009674
RPS24	2296	185.8	0.171206827418142	0.1646	0.009793
EIF2B5	778	186.1	0.172487515510134	0.1642	0.009827
MUT	1527	186.2	0.175045486110914	0.1636	0.009839
PTMA	2068	186.3	0.171206827418142	0.163	0.009862
SUN2	2637	186.5	0.258217389536018	0.1626	0.009886
POLD3	1903	187.1	0.171206827418142	0.163	0.009965
FAM136A	885	188.3	0.171206827418142	0.1647	0.01013
ACBD5	29	189	0.169925001442312	0.1652	0.01021
AIM1	89	189.3	0.169925001442312	0.1651	0.01026
ACAD9	23	189.8	0.171206827418142	0.1654	0.01033
CDC26	421	190.5	0.168642035558839	0.1659	0.01042
PSMB9	2031	191.1	0.168642035558839	0.1663	0.01049
FAM21A;FAM21C	889	193.6	0.166072675946706	0.1709	0.01084
OXA1L	1750	193.6	0.166072675946706	0.1701	0.01085
RTF1	2334	196.7	0.16478627814334	0.1759	0.01127
APPL2	169	198.9	0.16349873228288	0.1797	0.01158
DYNC1LI2	738	202.7	0.160920188181103	0.1873	0.01213
SEH1L	2396	203.4	0.16349873228288	0.188	0.01224
PLXNA1	1888	205.6	0.159629185821228	0.1919	0.01256
PLS1	1886	207.6	0.158337027167101	0.1956	0.01286
CUL3	598	209	0.15704371014558	0.1977	0.01306
SEC22B	2385	211.1	0.155749232677945	0.2014	0.01337
FNDC3B	931	211.1	0.154453592679872	0.2005	0.01338
PMVK	1892	214.2	0.186500557644495	0.2066	0.01385
STXBP3	2626	214.4	0.155749232677945	0.2061	0.01389
FAF1	875	215.8	0.153156788061421	0.2082	0.0141
PPP1R2;PPP1R2P3	1947	219.4	0.153156788061421	0.2157	0.01468
HAGH	1071	219.8	0.153156788061421	0.2156	0.01474
RPS6	2308	221.8	0.151858816727005	0.2192	0.01506
GALK1	953	222	0.153156788061421	0.2187	0.0151
MRPL44	1484	223.5	0.147957881387101	0.2212	0.01534
NELFCD	1616	226.1	0.202887833470143	0.2263	0.01577
NCDN	1574	228.6	0.151858816727005	0.2312	0.01619
RAB5A	2117	229.6	0.147957881387101	0.2325	0.01635
CORO7	537	235.9	0.142740172116082	0.2467	0.01744
RHOC	2200	236.9	0.144046369616707	0.248	0.01761
NUP35	1710	238.4	0.146655222119465	0.2506	0.01788
CUL4A	599	238.9	0.140124223909071	0.2507	0.01796
ZC3H18	3023	239.1	0.141432790929296	0.2499	0.01799
ZC3H11A	3020	241.7	0.14535138557262	0.2552	0.01846
TAP1	2660	243.5	0.137503523749935	0.2586	0.01879
HEBP2	1085	243.6	0.137503523749935	0.2578	0.01881
PLCG1	1878	245.1	0.136191386287144	0.2601	0.01907
BCAR3	283	246.3	0.137503523749935	0.2621	0.0193
EXOSC7	867	248.4	0.140124223909071	0.2662	0.01969
RNF20	2215	248.7	0.134878054343112	0.2656	0.01973
MRPS23	1495	249.7	0.133563525741106	0.267	0.01993
PSMB2	2024	250.2	0.133563525741106	0.2672	0.02003
CHML	458	251.6	0.134878054343112	0.2695	0.02029
DDX58	657	251.7	0.13224779829844	0.2686	0.02031
DOHH	715	253.1	0.133563525741106	0.2709	0.02057
TAX1BP1	2664	253.5	0.13224779829844	0.2708	0.02065
CSTF2	577	254.4	0.13224779829844	0.2717	0.02081
SLAIN2	2444	257.1	0.13224779829844	0.2773	0.02133
ADIRF	64	257.8	0.130930869826449	0.278	0.02147
PEX6	1829	258.6	0.130930869826449	0.2787	0.02162
RRAS	2318	259.2	0.13224779829844	0.279	0.02174
ERAP1	839	261.3	0.130930869826449	0.2832	0.02216
CHD1	454	262.2	0.136191386287144	0.2843	0.02234
CHMP4A	462	262.6	0.130930869826449	0.284	0.02241
PSIP1	2014	262.9	0.12961273813047	0.2836	0.02247
NUP107	1702	264	0.133563525741106	0.2853	0.0227
SMCHD1	2487	264.2	0.128293401009818	0.2844	0.02272
RUFY1	2338	265.3	0.12565110166152	0.2861	0.02295
SLC38A2	2461	265.5	0.128293401009818	0.2856	0.023
AURKB	265	266.4	0.134878054343112	0.2865	0.02317
RPL22	2243	267.6	0.128293401009818	0.2884	0.02341
PRPSAP1	2008	268.6	0.124328135002202	0.2898	0.02363
PCBD1	1787	269.6	0.16349873228288	0.2912	0.02383
EIF3J	791	270	0.128293401009818	0.2909	0.02391
ADAM9	59	270.5	0.124328135002202	0.291	0.02401
RABGAP1	2126	270.9	0.12565110166152	0.2908	0.02409
DUSP3	732	271.8	0.128293401009818	0.2918	0.02427
C14orf142	322	271.8	0.12565110166152	0.2908	0.02428
FRYL	935	273.1	0.124328135002202	0.2928	0.02454
AHCTF1	81	273.8	0.12565110166152	0.2934	0.02469
WFS1	2988	276.3	0.162210036314307	0.2984	0.02521
WIBG	2989	276.8	0.124328135002202	0.2986	0.02532
FIS1	913	277	0.12961273813047	0.2979	0.02537
CPSF3	554	280.5	0.12300395405482	0.3054	0.0261
IKBKG	1200	281.4	0.12565110166152	0.3066	0.02631
RAP1A	2147	283	0.120351940365222	0.3093	0.02664
GBP1	966	283.5	0.120351940365222	0.3094	0.02675
MAPRE2	1391	283.9	0.119024103142275	0.3094	0.02685
UGCG	2893	284.2	0.124328135002202	0.3088	0.0269
SPINT2	2547	286	0.119024103142275	0.3121	0.02729
SPTLC2	2552	286.2	0.149259365499623	0.3115	0.02734
NT5DC1	1680	287.6	0.120351940365222	0.3139	0.02766
DDAH2	632	289.4	0.116364756691785	0.3171	0.02804
ELP3	815	289.4	0.120351940365222	0.3159	0.02804
PLAUR	1875	293.8	0.11503324294624	0.3261	0.02905
MARK2	1395	293.9	0.117695042669755	0.325	0.02906
STK38	2607	294.6	0.116364756691785	0.3257	0.02923
BAP18	275	294.8	0.116364756691785	0.3249	0.02926
CISD2	473	297.9	0.120351940365222	0.3317	0.02998
MRPL48	1487	299	0.133563525741106	0.3332	0.03023
KIF13B	1268	299.2	0.113700499164728	0.3323	0.03026
TRIM21	2786	300.8	0.14535138557262	0.3353	0.03065
IFIT5	1190	302.3	0.11503324294624	0.3378	0.03098
ATPIF1	257	303.1	0.112366523072563	0.3389	0.03119
RAB6A	2120	303.7	0.112366523072563	0.339	0.03131
MVP	1529	304.2	0.112366523072563	0.3392	0.03144
STX7	2622	307.1	0.111031312388744	0.3453	0.03213
RAB9A	2123	307.6	0.113700499164728	0.3454	0.03225
HN1	1118	308.5	0.112366523072563	0.3465	0.03246
NDUFAF2	1596	313.3	0.121678556588252	0.3576	0.03362
PSMG1	2056	315.5	0.113700499164728	0.3621	0.03416
FN3KRP	929	317.2	0.113700499164728	0.3651	0.03457
EXOSC8	868	318.7	0.111031312388744	0.3677	0.03493
HN1L	1119	319.2	0.111031312388744	0.3678	0.03506
PLCB3	1877	319.6	0.108357178090419	0.3677	0.03518
PHYHD1	1860	320.6	0.10969486482593	0.3689	0.03541
ENOPH1	825	322	0.10701824988212	0.3713	0.03576
ARMC10	204	322.5	0.10701824988212	0.3714	0.0359
TGFBR2	2696	322.8	0.10969486482593	0.371	0.03598
GOLGA3	1016	325.4	0.108357178090419	0.3764	0.03663
GABARAP	950	325.9	0.105678077894537	0.3765	0.03676
WDFY1	2970	326.7	0.10969486482593	0.3771	0.03694
APLP2	160	328.8	0.104336659814736	0.3814	0.03749
PLXNB2	1889	329.8	0.105678077894537	0.3829	0.03776
SP100	2535	329.9	0.104336659814736	0.3817	0.03777
NFIC	1623	332.4	0.120351940365222	0.387	0.03842
WDR82	2986	333	0.102993993323326	0.3873	0.03858
USP15	2917	333	0.104336659814736	0.3861	0.03858
HSD17B12	1150	333.7	0.102993993323326	0.3867	0.03877
TOE1	2758	333.9	0.137503523749935	0.3857	0.0388
IFIT3	1189	334.1	0.102993993323326	0.385	0.03885
RNF40	2216	334.4	0.102993993323326	0.3846	0.03894
COASY	516	334.6	0.102993993323326	0.384	0.039
MET	1428	335.4	0.108357178090419	0.3846	0.0392
ABCD3	10	336.6	0.102993993323326	0.3864	0.03951
ZC3HAV1	3026	336.9	0.102993993323326	0.3862	0.03961
IGFBP7	1196	338.3	0.104336659814736	0.3885	0.03997
MRPL14	1474	338.8	0.119024103142275	0.3884	0.04009
NR3C1	1668	342.1	0.104336659814736	0.3958	0.04099
SNX2	2520	342.4	0.100304905795685	0.3954	0.04107
COPG2	525	342.4	0.102993993323326	0.3941	0.04107
PPP2R5D	1957	345.1	0.100304905795685	0.3998	0.04179
SEPT10	2400	345.2	0.100304905795685	0.3987	0.04181
SMYD5	2497	346	0.102993993323326	0.3997	0.04204
FLOT1	925	347.4	0.100304905795685	0.4019	0.04241
TAP2	2661	348.9	0.0989584800881688	0.4044	0.04281
TMF1	2746	349.6	0.101650076094435	0.4052	0.04302
OAS3	1725	350.2	0.104336659814736	0.4054	0.04318
TMEM109	2738	351	0.101650076094435	0.4062	0.04339
RPA2	2226	351.9	0.0976107966264223	0.4074	0.04366
SERPINB1	2407	353.5	0.0976107966264223	0.4103	0.0441
ACTR10	51	355.4	0.0976107966264223	0.4138	0.04462
CCDC58	392	361.3	0.100304905795685	0.4279	0.04628
BRD4	304	363.5	0.0962618530584035	0.4323	0.0469
HLA-C	1107	363.8	0.094911647025467	0.4319	0.04699
ARPC5	213	366.8	0.0962618530584035	0.4384	0.04784
ESF1	851	367.6	0.102993993323326	0.4393	0.04809
PHF3	1855	371.4	0.100304905795685	0.4479	0.04918
ROCK2	2222	371.5	0.0935601761623378	0.4471	0.04924
SRP9	2565	372.1	0.094911647025467	0.4472	0.0494
